0	0	2.6	6.1	30	-999	-999
1	0.51	5.4	6	30	-999	-999
2	1.01	3.5	5.6	29.6	-999	-999
3	0	1.2	5.1	29.7	-999	-999
4	0.03	5.3	-999	-999	-999	-999
5	0	3.3	-999	-999	-999	-999
6	0	-0.7	-999	-999	-999	-999
7	0	4.7	-999	-999	-999	-999
8	0	8.3	-999	-999	-999	-999
9	0	6	-999	-999	-999	-999
10	0.07	7.3	5.7	30	-999	-999
11	0	-999	6.4	29.9	-999	-999
12	0.06	-999	6.7	30.1	-999	-999
13	0.87	-999	7.3	29.7	-999	-999
14	0.01	-999	5.5	29.3	-999	-999
15	0	-999	3.3	29.8	-999	-999
16	0.04	-999	3.6	30.1	-999	-999
17	0.55	-999	4.8	29.8	-999	-999
18	0	-999	4.5	29	-999	-999
19	0	-999	5.4	29.2	-999	-999
20	0	-999	6.2	29.3	-999	-999
21	0	-999	5.9	29.1	-999	-999
22	0.67	-999	5.9	29.3	-999	-999
23	0	-999	5.8	29.1	-999	-999
24	0.06	4	5.7	29	3.8	-999
25	0	0.2	4.6	29.1	4.9	-999
26	0	0.5	3.9	29.5	4.1	-999
27	0	7	4.4	29.7	4.6	-999
28	0.04	6.9	5.6	30.3	4.2	-999
29	0.01	7.7	6.3	30.3	4.1	-999
30	0.11	4.5	6.3	30.3	4.5	-999
31	0	4	5.8	30.1	3.9	-999
32	0	6.3	5.9	30.3	2.6	-999
33	0.4	9.8	6.5	30.3	2.7	-999
34	0.47	7.2	6.6	30.2	3.8	-999
35	0.12	7.1	6.9	29.7	6.1	-999
36	0	3.2	5.9	29.5	7.4	-999
37	0	2.7	5.1	29.2	5.7	-999
38	0	0.4	5.3	29.9	4.2	-999
39	0	-0.8	4.8	30.2	2.8	-999
40	0	0.4	4.3	30.3	2.6	-999
41	0.06	1	5.2	30.9	2.7	-999
42	0.01	-3.1	3.4	30.9	4.4	-999
43	0	-1.4	2.6	30.8	5.5	-999
44	0	2.4	3.1	30.8	4.5	-999
45	0	5.6	4.2	30.9	3.3	-999
46	0	6.8	5.4	30.9	2.1	-999
47	0.01	7.7	6.2	30.8	4.7	-999
48	0	-2.2	5.2	30.5	4.2	-999
49	0	-5.2	3.3	31.1	3.3	-999
50	0	-1.3	3.3	31.5	1.8	-999
51	0	2.2	3.9	31.6	1	-999
52	0	2.8	4.3	31.7	0.7	-999
53	0.01	4.5	5	31.7	0.7	-999
54	0	1.9	4.6	31.3	2.7	-999
55	0	2.3	4.6	31.9	2.8	-999
56	0	-4.3	3.9	32.1	3.4	-999
57	0	-4	3.1	32	3.9	-999
58	0	-1.8	2.7	32.1	3.4	-999
59	0	0.9	3	32	2.7	-999
60	0.47	0	3.3	32	1.6	-999
61	0	-2.3	3	31.9	1.9	-999
62	0	0.4	2.8	31.7	2	-999
63	0	3.3	3.2	31.7	1.1	-999
64	0	2.4	3.5	32	0.7	-999
65	0	2.3	4	31.9	0.5	-999
66	0	2.6	4.1	31.6	0.3	-999
67	0	6.7	4.6	31.4	0.5	-999
68	0.01	11	5.6	31.1	0.7	-999
69	0	10.5	6.9	30.9	2.1	-999
70	0.47	7.8	7	31.2	2.3	-999
71	0	8.5	7	31.1	1.6	-999
72	0.04	9.5	7.5	30.9	2.9	-999
73	0	5	6.5	30.8	8.4	-999
74	0	4.8	5.7	31.1	6.7	-999
75	0	3.3	6	31.4	2.5	-999
76	0	1.7	5.7	31.6	1.4	-999
77	0	2.1	5.2	31.9	1.3	-999
78	0	1.6	4.9	32.1	1.4	-999
79	0	0.9	4.7	32.3	1.2	-999
80	0	3.4	5.1	32.2	0.9	-999
81	0	5.7	5.5	32.1	0.9	-999
82	0	5.8	5.9	32.3	0.7	-999
83	0	4.8	5.9	32.2	0.7	-999
84	0.02	6.5	5.9	32	1.7	-999
85	0	8.9	6.3	31.8	3.6	-999
86	0	7.2	6.8	31.8	2.8	-999
87	0	7.2	7.4	31.7	3	-999
88	0	8.9	7.9	31.7	2.8	-999
89	0	9.6	8.3	31.7	3	-999
90	0.02	12	8.8	31.6	2.9	-999
91	0	12.6	9.5	31.5	2.4	-999
92	0.21	9	8.9	31.7	2.1	-999
93	0	8.5	9.1	31.4	2.7	-999
94	0.19	5.3	8.7	31.2	2.7	-999
95	0	7.7	8.4	31.1	1.5	-999
96	0.02	9.3	8.5	31.1	2.6	-999
97	0.7	6.9	8.4	30.8	2.4	-999
98	0	6.5	8	30.8	3.4	-999
99	0	8.3	8.7	30.7	3.8	-999
100	0	9.2	9.3	30.8	2.6	-999
101	0	10.5	9.9	30.9	4	-999
102	0	12.8	10.5	30.6	3.6	-999
103	0.21	11.3	9.8	30.9	3.1	-999
104	0	14.8	10.2	30.9	2.6	-999
105	0	14	10.7	30.9	3.5	-999
106	0	10.9	10.8	31	2.8	-999
107	0	13.4	11.3	31	2.4	-999
108	0	15.6	11.9	31	2.3	-999
109	0	16.7	12.2	31.1	2.3	-999
110	0	10.2	12.4	31	2.9	-999
111	1.14	8	11.4	31.3	5.8	-999
112	2.06	11.3	10.8	30.4	8.5	-999
113	0.14	9.9	11	30	8.4	-999
114	0	12.5	11.6	30.1	7.7	-999
115	0	8.7	11.6	30.3	6.8	-999
116	0	12.2	11.8	30.5	5.5	-999
117	0	11.2	12	30.6	3.8	-999
118	0	10.3	12.3	30.6	3.8	-999
119	0	11.8	12.4	30.7	4	-999
120	0	13	12.5	30.7	4.3	-999
121	0	11.9	12.8	30.6	4.2	-999
122	0.1	13.4	13	30.6	3	-999
123	0	14.9	13.6	30.5	4.7	-999
124	0	17.5	14.2	30.5	3.2	-999
125	0	16.4	14.8	30.4	3.3	-999
126	0	11.8	14.4	30.5	3.6	-999
127	0	13.2	14	30.5	3.5	-999
128	0	13.2	13.4	30.4	3.6	-999
129	0.03	13.5	13.2	30.3	4.1	-999
130	0	12.7	13	30.4	4	-999
131	0.88	14.1	13.2	30.2	6	-999
132	0	14.2	13.9	30.1	7.4	-999
133	0	12.2	14.3	30.1	8.7	-999
134	0.49	12.2	13.7	30	6.8	-999
135	0.84	13.7	13.6	29.7	6.1	-999
136	0	14.3	13.6	29.8	5.3	-999
137	0	15.3	14.1	29.9	4.5	-999
138	0.78	13.4	14.3	29.8	4.2	-999
139	0	15.3	14	29.7	4.6	-999
140	0.06	14.3	13.6	29.7	7	-999
141	0	12.5	13	29.8	9.4	-999
142	0	13.1	12.5	30.1	6.9	-999
143	0	15	12.2	30.8	4	-999
144	0	15.3	13.1	31	3.8	-999
145	0.29	15.5	13.6	30.9	3.4	-999
146	0	21.1	14.5	30.5	4.4	-999
147	0	20	16	30.4	4.8	-999
148	0	18.3	17.2	30.2	4.4	-999
149	0	20.1	17.4	30.5	3.3	-999
150	0	17.6	18.7	30.2	2.8	-999
151	0.29	19.1	19.1	30.1	2.9	-999
152	0.99	19.7	19.2	30.1	2.1	-999
153	0.97	17.7	19	29.5	2.3	-999
154	0.02	16	18.2	29.3	2.2	-999
155	0.08	17.4	17.9	29.4	2.2	-999
156	0	17.9	17.8	29.6	2.2	-999
157	0.93	15.5	17.6	29.4	2.2	-999
158	0.07	16	16.9	29.2	4	-999
159	0.19	17.9	17	29.4	4.5	-999
160	0	16.6	17.3	29.2	6.8	-999
161	0	16.8	16.4	29.5	9.5	-999
162	0	16.8	16.2	29.8	5.8	-999
163	0	20	17	30	4.2	-999
164	0	18	17.5	30.1	3.7	-999
165	0	21.5	17.6	30.1	3.4	-999
166	0	22	18	30.1	3.5	-999
167	0	20.7	17.7	30.2	4.1	-999
168	0	20.5	17.6	30.3	3.8	-999
169	0.05	20.4	18.1	30.3	3.6	-999
170	0	22	18.4	30.2	3.8	-999
171	0	21.2	17.5	30.4	3.2	-999
172	0	20.9	18.4	30.3	3.5	-999
173	0.25	21.6	17.9	30.3	3.2	-999
174	1	19.7	17.4	30.1	3.1	-999
175	0.49	20.6	17.6	29.6	3.3	-999
176	0	21.7	19.2	29.4	3	-999
177	0	22.8	20.6	29.3	3.2	-999
178	0.55	21.5	21.6	29.1	3.2	-999
179	0	21	22	29	3.5	-999
180	0	22.4	21.3	29.2	3.7	-999
181	0	21.7	20.7	29.4	4.6	-999
182	-999	-999	-999	-999	4.8	-999
183	-999	-999	-999	-999	-999	-999
184	-999	-999	-999	-999	-999	-999
185	-999	-999	-999	-999	-999	-999
186	-999	20.6	-999	-999	-999	-999
187	-999	21.2	-999	-999	-999	-999
188	-999	22.6	-999	-999	-999	-999
189	-999	22.6	-999	-999	-999	-999
190	-999	22.3	-999	-999	-999	-999
191	-999	22.6	-999	-999	-999	-999
192	-999	22.2	-999	-999	-999	-999
193	-999	23.7	-999	-999	-999	-999
194	-999	22	-999	-999	-999	-999
195	-999	22.1	-999	-999	-999	-999
196	-999	27.2	-999	-999	-999	-999
197	-999	27.5	-999	-999	-999	-999
198	-999	27.1	-999	-999	-999	-999
199	-999	24.8	-999	-999	-999	-999
200	-999	23.4	-999	-999	-999	-999
201	-999	23.7	-999	-999	-999	-999
202	-999	23.2	-999	-999	-999	-999
203	-999	22.5	-999	-999	-999	-999
204	-999	23.6	-999	-999	-999	-999
205	-999	23.5	-999	-999	-999	-999
206	0	23.8	-999	-999	-999	-999
207	0.05	24.7	-999	-999	-999	-999
208	0.03	24.9	-999	-999	-999	-999
209	0	26.5	-999	-999	-999	-999
210	0	27.4	-999	-999	-999	-999
211	0	26	-999	-999	-999	-999
212	0	28.5	-999	-999	-999	-999
213	0	29.5	-999	-999	-999	-999
214	0	29.1	-999	-999	-999	-999
215	0	27.3	-999	-999	-999	-999
216	0	26.3	-999	-999	-999	-999
217	0	25	-999	-999	-999	-999
218	0	25.6	-999	-999	-999	-999
219	0	25.9	-999	-999	-999	-999
220	0	23.5	-999	-999	-999	-999
221	0.49	24	-999	-999	-999	-999
222	0	21.9	-999	-999	-999	-999
223	0	21	-999	-999	-999	-999
224	0	21.3	-999	-999	-999	-999
225	0	23.1	-999	-999	-999	-999
226	0	23.2	-999	-999	-999	-999
227	0	23.3	-999	-999	-999	-999
228	0	23.5	-999	-999	-999	-999
229	0	23.1	-999	-999	-999	-999
230	0	23.7	-999	-999	-999	-999
231	0.05	26	-999	-999	-999	-999
232	0	24.3	-999	-999	-999	-999
233	0	23.4	-999	-999	-999	-999
234	0	24.8	-999	-999	-999	-999
235	0	22.8	-999	-999	-999	-999
236	0.04	22.2	23.6	30.6	3.7	16
237	0.66	20.1	22.7	30.6	3.8	10
238	0.37	21.1	-999	-999	-999	-999
239	0.77	22.5	-999	-999	-999	-999
240	0.19	19.7	-999	-999	-999	-999
241	0.03	19.5	-999	-999	-999	-999
242	0	18.9	-999	-999	-999	-999
243	0.12	18.4	20.4	30.3	4.1	7
244	1.36	18	19.1	30.3	8.1	7
245	0	20.7	19.1	28.9	8.7	8
246	0	20.1	20	29.5	11	7.4
247	0.22	18.4	20.1	30.2	12	7.6
248	0	19.5	20.2	30.5	10	6.3
249	0	20.8	20.7	30.8	9.3	6.1
250	0	21.4	21.1	31	7.7	6.9
251	0	21.9	21.4	31.1	7.5	7.8
252	0	19.5	21.3	31.2	6.4	7.9
253	0	16.9	20.6	31.1	4.5	8.1
254	0	16.2	20	31	4	7.6
255	0	18.2	19.9	30.8	4.4	7.7
256	0.59	19.3	19.8	30.6	4.1	7.6
257	0.89	19.2	19.8	30.3	3.4	6.5
258	0	20.6	20	29.8	3.7	6.3
259	0	20.9	20.7	29.7	4.4	7.2
260	0	21.3	21.2	29.8	5.6	9
261	0.42	21.6	21.4	29.9	4.8	8.9
262	0	18.8	21.2	29.8	4.4	7.8
263	0	16.3	-999	30.2	7.5	9.2
264	0	17.6	19.8	30.5	5.4	7.5
265	0.28	20.4	19.7	30.4	4.8	6.8
266	0	21.7	20.1	30.4	5.6	6.7
267	0	19.6	20.1	30.6	6.7	5.2
268	0.01	18.1	19.7	30.8	6.4	4
269	0	18.6	19.6	31.1	4	3.8
270	0	20.6	19.9	31	2.9	5
271	0.04	16.7	20	30.6	3.2	5.4
272	0	16.3	19.2	30.6	3.4	4.6
273	0.16	18.1	18.8	30.7	3.4	3.6
274	0	16.6	18.5	30.5	3.7	3
275	0	18.9	18.8	30.6	4.7	3.2
276	0.61	20.1	19.4	30.8	5.3	3.1
277	0.22	15.7	19.2	30.7	6.8	3.1
278	0.02	13.7	17.9	31	6.2	3
279	0	14.1	16.8	31.1	6.9	2.6
280	0	15	17.1	31.1	5.9	2.6
281	0	17.7	17.8	31.1	4.8	2.7
282	0	18.4	18.3	31.1	3.2	2.7
283	1.54	16.4	18	31.2	2.3	2.4
284	0.02	17.6	18	30.4	2	2.1
285	0	10.3	17	30.3	2.8	2.1
286	0	11.9	15.8	30.3	2.6	2
287	0	10.8	15	30.4	2.2	1.8
288	0	12.2	14.7	30.4	2	1.8
289	0.85	14.8	15.1	30.4	2.3	1.6
290	0.01	18.5	15.7	30.1	2.8	1.5
291	0.04	17.1	16.6	30.1	2.7	1.7
292	0.3	15.2	16.8	29.9	4.2	1.8
293	0	11.1	14.9	29.7	7	-999
294	0	12.9	14.7	30	3.4	-999
295	0	11	14.5	30.1	2.9	-999
296	0	8.6	13.5	30.7	2.6	-999
297	0	9.4	12.7	31.3	2.9	-999
298	0	8.2	12.1	31.6	-999	-999
299	0.34	7.6	12	31.8	-999	-999
300	1.09	13.8	13.1	31.3	-999	-999
301	0	9.7	11.5	30.8	-999	-999
302	0	11.8	11.1	29.8	-999	-999
303	0.03	14.1	12.2	30.4	-999	-999
304	0	15.5	13	30.4	2.7	2.1
305	0.11	10.1	13.2	30.4	2.6	2.2
306	0	6.3	12.3	30.8	2.5	2
307	0	5.3	11.8	31.1	2.5	1.9
308	0	7	11.7	31.2	2.2	2
309	0	9.6	11.6	31.3	2.1	2.2
310	0.08	12.3	12	31.4	1.7	2.4
311	1.51	14.2	12.8	31.1	2.1	3.3
312	0.01	15.9	13.3	30.6	7.9	3.6
313	0	13.6	13.5	30.6	6	3
314	0	13.7	13.4	30.7	4.4	2.9
315	0.35	15.1	13.6	30.7	3.5	2.8
316	0.07	15.7	13.9	30.6	4.5	2.9
317	0.13	13.8	14.2	30.3	5	2.8
318	0	15	14.2	30.3	5.9	3.1
319	0.28	16.6	14.5	30.5	6.4	3.5
320	0	14.7	14.7	30.5	7	3.4
321	0	9.3	13.9	30.3	7.5	3.3
322	0	8	13.1	30.4	5.9	3.1
323	0	5.7	12.1	30.5	5.2	2.7
324	0	5.1	11.3	30.6	4.2	2.4
325	0.01	7	10.5	30.9	5.1	3
326	1.4	7	9.8	30.7	7.7	3.8
327	0.04	9.6	9.7	30.2	10	4
328	0.01	7.4	9.9	30.5	11	4.2
329	0	9.1	10	30.3	7	3.7
330	0.01	10.9	10.3	30.3	5.7	3.8
331	0	10.5	10.8	30.6	5.7	3.9
332	0	11.7	11	30.6	5.7	3.7
333	0.01	13.3	11.6	30.5	5.2	3.9
334	0.12	14.8	12.2	30.6	6.5	4.1
335	0	7.7	11.6	30	15	4.2
336	0	5.7	10.4	29.9	9.9	3.4
337	0	3.9	9.9	30.1	6.8	2.9
338	0	1.5	8.9	30.6	4.8	2.4
339	0	6.4	8.8	30.9	5.7	2.2
340	0	8.4	9.1	31	5.6	2.2
341	0	-2.9	6.9	30.9	8.2	2.3
342	0.01	0.7	5.8	31.1	5.4	1.9
343	0.01	7.8	6.2	31.1	3.2	1.6
344	0.01	8.7	6.5	30.9	2.1	1.6
345	0	7.5	8	31	1	1.7
346	0.14	10.9	8.8	31	0.8	2
347	0.01	9	8.9	30.8	0.9	2.1
348	0.01	8.9	9.2	30.8	0.8	2.1
349	0.02	7.9	8.9	30.6	1.1	2.1
350	0.01	9	8.8	30.7	1.1	2.2
351	0.01	10.8	9.1	30.7	1.2	2.6
352	0	5.8	8.9	30.7	1.3	2.4
353	0	4.7	8.4	30.9	1	2.3
354	0.01	7.3	8.1	30.9	1.9	2.1
355	0.44	6.3	8.2	31.1	1.1	2.5
356	0.7	11.8	8.8	30.7	1.1	2.9
357	0.01	8.9	8.9	30.4	2.2	2.9
358	0.37	6.5	8.5	30.5	2.2	2.8
359	0.12	9.7	8.8	30.3	2.7	2.7
360	0	5.8	8.3	30.1	3.2	2.5
361	0	6.4	7.6	30.3	4.5	2.6
362	0	6.3	7.9	30.5	3.5	2.6
363	0	5.7	7.5	30.5	2.5	2.5
364	-999	4	7.2	30.5	1.6	2.7
365	-999	10.6	8	30.6	2.5	2.9
366	-999	7.4	8.2	30.3	5	2.8
367	-999	7	7.7	30.3	4	2.8
368	0	8.8	7.8	30.4	2.9	2.6
369	0.04	10.8	8.7	30.5	2.5	2.7
370	0.08	14	9.8	30.5	2	2.5
371	0.15	9.1	10.1	30.5	3.6	2.4
372	1.93	9.7	10	30.3	4.5	2.3
373	0	4.7	8.6	30.1	6.8	2.3
374	0	1.5	7.3	30.1	4.1	2.1
375	0	1.1	6.7	30.7	4.9	1.8
376	0.01	7.5	6.7	30.8	3.1	1.6
377	0.07	10.1	7.5	30.5	3.1	1.6
378	0.09	7.3	8.8	30.9	2.6	1.8
379	0.02	7.4	8.5	30.8	1.9	1.9
380	0	4.7	8	30.6	4.4	2.4
381	0	-4	5.8	30.9	5	2.4
382	0.13	0.7	5.4	31.1	2.2	2.6
383	0.02	3	6.1	31.1	3.4	3.3
384	0	-1.5	4.8	31.3	7.9	2.7
385	0.01	-3.7	3.7	31.6	5.3	3
386	0.01	-0.5	4.3	31.6	2	3
387	0.01	0.8	4.8	31.6	1.8	2.8
388	0.02	2	4.6	31.6	1.5	3.2
389	0.01	-1.5	4.5	31.7	1.2	3.4
390	0.01	-8.1	2.2	32	2.9	3.3
391	0	-0.2	2.4	32.3	1.5	2.8
392	0.07	3.3	3	32.1	1	3
393	0	-2.4	3.1	32.1	1.6	3.2
394	0.01	-1.1	3.1	32.2	3.2	2.9
395	0.01	-1	3.4	32.2	2.3	3.2
396	0	0.5	3.3	32.3	2.6	3.4
397	0.23	2.1	4	32.5	2.1	3.1
398	0	-1.4	4.3	32.4	2.9	3
399	0.02	-4.3	3.3	32.2	5.4	3.4
400	0	-9.1	1.7	32.2	7.3	3.5
401	0.01	-8	0.5	32.4	4.9	3.6
402	0.02	-6.8	0	32.6	3.5	3.5
403	0.01	-5.5	0.1	32.7	3.5	3.9
404	0	-3.8	0.4	32.9	5.4	3.8
405	0	-2.5	1	33	1.1	3.5
406	0.02	-2.8	1.3	33	0.7	3.7
407	0.02	0.9	1.2	32.9	1.1	4.1
408	0.01	-3.2	1.5	33	2.7	5.6
409	1.42	-2.7	1.2	33	2.7	6
410	0	-6.5	0.3	32.9	9.5	7.2
411	0.01	-5.7	0.2	33.1	11	6.2
412	0	-1.9	0.7	32.9	6	6.2
413	0	-1.3	1.4	32.7	4.1	8
414	0	-5.7	1.2	33.1	5.5	9
415	0.1	4.2	2.1	33.4	3.5	5.7
416	0.06	5.3	3.4	33.3	3.7	6.9
417	0.22	3.9	3.6	33.2	1.7	7.6
418	0	0.5	3.4	33	2.8	9.9
419	0	-0.6	2.3	33.3	2.7	10
420	0.27	-0.5	2.3	33.3	1.8	12
421	0.28	0.8	2.4	33.3	1.7	13
422	0.01	2.5	2.7	33.1	2.6	12
423	0.02	3.9	3	32.9	3.1	13
424	0.15	2.8	3.4	32.9	3.1	12
425	1.8	7.8	3.5	32.7	4.1	11
426	0	5.8	4.1	32.3	5.5	11
427	0.01	2.6	4.2	32.1	6.6	14
428	0	0.8	3.5	32.2	7.8	16
429	0	-7.8	1.7	32.7	11	17
430	0.04	-7.7	0.9	33.2	4.2	14
431	0	-3.7	1.3	33.1	4.3	13
432	0.01	-4.4	1.5	33.3	3	14
433	0	4.9	2.4	33.3	2	14
434	0.28	6.6	4	32.8	1.8	15
435	0.01	4.4	4.5	32.8	2.4	15
436	0.03	5.6	4.7	32.9	2.4	11
437	0	7.3	5.3	32.7	2.7	11
438	0.27	7.4	6.3	32.2	1.7	11
439	2.39	0	4.7	32.6	3.8	8.8
440	0.05	-0.4	2.8	32.3	7.1	8.5
441	0	0.9	3.1	32.5	8	7.6
442	0.01	2.6	3.4	32.5	5.6	7
443	0.01	6.2	4.6	32.5	4.8	6
444	0.01	1.3	4.7	32.7	3.9	6.2
445	0.06	6.6	5.2	32.9	1.8	4.1
446	0.22	9.1	5.8	33	1.9	2.6
447	0.07	6.7	6	32.7	1.2	2.1
448	0.01	5.6	6.8	32.4	0.9	1.9
449	0.01	6	7	32.2	1.1	2.1
450	0.05	14.3	7.8	32	1.3	2.9
451	0.02	12.3	8.2	32	1.6	3.6
452	0.02	8	7.5	32.1	2.4	4
453	0	8.1	6.8	32.5	2.1	3.9
454	0.01	7.3	7	32.6	1	3.8
455	0.11	6.4	7.1	32.6	1.1	4.1
456	0.39	7	7.1	32.4	1.6	4
457	0	7	7.6	32.3	1.6	3.5
458	1.78	5.2	7.4	32.2	2.7	3.3
459	0.01	4.5	7	31.7	4.5	4
460	0.01	2.9	6.2	31.7	4.8	3.9
461	0	2.4	6.1	31.9	2.1	3.5
462	0	2.6	5.5	32	1.9	3.5
463	0.02	4.3	5.7	32	1.8	4
464	0	5.3	6	32.5	1.2	4.5
465	0.01	5.2	6.2	32.8	1	4.8
466	2.14	5.6	6.4	32.6	1.9	5
467	0	7.5	6.4	31.9	7.1	8.3
468	0	7.4	6.6	32.2	-999	-999
469	2.55	7.8	6.5	32.4	-999	-999
470	0.01	6.9	6.9	32.1	-999	-999
471	0	7.2	7.1	31.9	-999	-999
472	0	7.8	6.9	32.2	-999	-999
473	0.01	8.2	7.2	32.2	-999	-999
474	0.01	9.7	8.1	32.3	-999	-999
475	0	12.8	9	32.2	-999	-999
476	0	14	9.7	32.2	-999	-999
477	0.01	12.9	10.7	32	-999	-999
478	0.01	18.7	12	31.6	-999	-999
479	0.21	11.6	10.8	31.9	-999	-999
480	0	9.9	11.5	30.7	2.3	12
481	1.56	10.9	12	30	2.2	13
482	0	14.4	11.6	30.4	2.5	10
483	0	14.4	11.7	30.7	3.6	8.4
484	0.01	16.2	11.7	31	3.3	6.1
485	1.24	12.7	11.2	31.4	3	4.8
486	0.22	12.1	11.1	31.2	2.2	4.3
487	0	12.7	11.5	31.3	2.3	3.5
488	0	13.1	11.8	31.2	1.9	3.2
489	0	13.8	11.9	31.3	1.5	3.2
490	0	10.8	12	31.4	2.6	4
491	0	10.7	12.2	31.2	2.9	3.9
492	0.01	11.9	12.9	31.2	2.7	4.1
493	0.01	13.8	13.9	31	2.4	4
494	0.01	15.1	14.6	30.8	2.2	3.9
495	0.05	15.3	14.9	30.8	2.4	4
496	0.25	15.8	15.1	30.6	3.1	3.1
497	0.06	14.6	15.1	30.6	3.1	2.9
498	0	13.3	14.8	30.6	2.9	2.9
499	0	15.9	14.5	30.7	3.1	4.3
500	0.42	16.4	14.1	31	4.1	3.6
501	0.01	14.1	14	31.1	3.9	3.4
502	0.25	9.4	13.8	30.9	3.1	2.8
503	0.1	11.8	13.2	30.8	3.4	2.2
504	0.04	16.3	13.7	30.8	3.4	1.7
505	0.01	15.4	14.2	30.9	3.2	1.6
506	0.01	14.7	14.8	30.9	2	1.8
507	0	15.4	15.7	30.8	1.4	1.9
508	0	16.9	16.2	30.5	1.2	3.1
509	0.01	19.5	16.5	30.4	1.5	2.6
510	0	22.9	16.5	30.6	2.3	3.3
511	0.07	21.8	16.8	30.7	1.8	2.8
512	0.03	20.8	17.6	30.5	1.5	4.4
513	0	19.1	16.9	30.7	3	3.6
514	0.01	18.9	17.4	30.7	1.5	3.7
515	0	19.7	17.1	30.9	1.4	4.2
516	0.03	20	18.9	30.5	1.3	4
517	0.01	20.6	19.1	30.6	1.6	3.5
518	1.34	18.9	18.2	30.6	1.8	3.2
519	2.8	17.7	17.4	29.8	4.1	2.7
520	0.01	20.2	18.3	29.6	2.9	2.3
521	0.01	17.7	18.2	29.8	2.4	1.9
522	0.01	17.1	17.7	30.1	1.9	1.9
523	0	19.1	18.3	30.2	1.4	2
524	0	19.6	18.9	30.2	1.4	2.1
525	0	18.1	18.9	30.3	1.6	2.2
526	0.84	21.5	19	30.4	1.7	2.2
527	0.06	20.7	19.4	30.6	1.7	2
528	0.09	16.9	19.1	30.7	1.9	2.6
529	0.01	15.5	18.2	30.8	2.8	2.3
530	0.01	16.8	18.4	30.8	2.3	2
531	0.01	18.7	19.1	30.9	2.3	1.8
532	0	22.6	19.8	30.9	2.2	1.9
533	0	22.2	20.4	31.1	1.8	1.8
534	0.03	20.8	20.8	31.2	1.5	1.8
535	0.33	22.2	20.8	31.1	1.3	2
536	0.78	20.5	19.9	31	1.4	1.9
537	0.01	20.5	19.7	30.9	1.5	2.4
538	0.01	19.6	18.1	31.1	1.5	2.4
539	0	19.2	17.8	31.3	1.2	2.1
540	0.01	20.7	18.7	31.3	1.3	2.4
541	0.02	22.5	19.6	31.2	1.2	2.9
542	4.38	23	21	30.7	1.9	3.3
543	0.44	23.4	20.8	30	2.2	3.7
544	0	21.5	19.6	30.4	1.9	3.9
545	0	21.4	19.8	30.4	1.9	3.3
546	0	19.6	19	30.7	2.1	3.4
547	0	18.8	18.3	30.9	1.8	2.8
548	0	20.1	18.2	31.2	1.8	2.7
549	0.03	20.1	18.2	31	2.1	2.9
550	1.14	20.3	18.5	30.7	3.1	3.2
551	0.6	22.6	18.9	30.8	2.3	2.9
552	0	22.9	19	31.1	2.1	2.7
553	0	23.4	18.9	31.2	1.7	2.8
554	0	24.2	18.9	31.5	1.3	2.9
555	0	23.2	19.6	31.4	1.6	3.2
556	0.84	23.3	20.1	31.3	1.6	3.7
557	0	-999	20.9	31.4	1.9	2.8
558	0	-999	21.5	31.4	2.1	2.4
559	0	-999	21.5	31.6	2.1	2.4
560	0	-999	21.8	31.5	2.7	3
561	0.01	-999	21	31.8	2	2.9
562	0	-999	21.8	31.7	1.8	2.4
563	0.67	-999	22.1	31.6	1.6	2.3
564	0.02	-999	22.6	31.4	1.7	2.3
565	0	-999	23	31.4	1.9	2.6
566	0	-999	21.9	31.5	1.8	2.8
567	0	-999	22.1	31.5	1.6	2.7
568	1.57	-999	21.7	31.2	2.1	2.3
569	0	-999	21.4	30.7	2.2	2.3
570	0.01	-999	21.9	30.8	1.9	2.5
571	0	-999	22.8	30.9	2	3.3
572	0	-999	23.1	31.1	2.4	3.5
573	0	-999	23.4	31.2	2.8	4.2
574	1.6	-999	23.6	31.3	2.8	3.7
575	0	-999	23.6	31.2	2.7	3.3
576	0	-999	23.6	31.5	3.1	4.3
577	0	26.6	24.2	31.5	2.6	5.3
578	0	26.3	24.2	31.5	3	6.4
579	0.26	25.7	23.8	31.6	3.4	7.9
580	0	26	23.4	31.6	3.1	7.5
581	0	23.8	22.8	31.7	2.4	5.8
582	0.03	24.3	23.6	31.7	2	4.4
583	0	26.4	23.7	31.6	1.9	5
584	5.16	28.2	24.3	30.4	2.4	5.8
585	0	24.3	23.8	30.3	2.1	5.4
586	0.54	19.2	23.5	30.3	2.6	3.8
587	0	20.4	22.6	30.1	3.8	2.6
588	0	24.2	23.3	30.3	3.5	2.6
589	0.06	25.5	23.6	30.3	2.6	2.9
590	0	22.9	23.1	30.5	2	2.6
591	0	23.8	23.2	30.5	2.3	2.6
592	0	24.3	23	30.5	2	-999
593	0.94	23.9	22.9	30.5	2	-999
594	0	20.1	22.3	30.4	2	-999
595	0.34	19.3	21.3	30.5	1.7	-999
596	0.04	19	20.5	30.5	1.4	-999
597	1.22	-999	19.5	30.5	1.9	-999
598	0	-999	18.5	30.4	3.1	3.4
599	0	-999	18.9	30.4	3.2	3.2
600	0	-999	20.1	30.5	2.6	3.8
601	0	-999	21	30.7	2.6	4.3
602	0	-999	21.3	30.8	2.7	3.9
603	0	-999	21.5	30.9	2.8	4
604	0	-999	22.1	31	2.3	4.2
605	0	-999	22.1	31.2	2.3	3.5
606	0	-999	22.1	31.3	2.1	3.3
607	0	-999	22.2	31.4	1.9	3.4
608	0	-999	22	31.5	2.2	3.6
609	0	-999	21.7	31.6	1.8	3.8
610	0	-999	21.9	31.5	2	3.4
611	0	-999	22.1	31.5	1.5	3.6
612	0	-999	21.9	31.7	1.2	3.6
613	0	-999	22.4	31.6	1.1	4.1
614	0	-999	22.7	31.7	1.4	4.5
615	0	-999	23.1	31.8	2.5	5.5
616	0	-999	22.6	31.9	2	5.7
617	0	-999	22.5	32	1.9	4.8
618	0.9	-999	23.1	31.6	1.8	3.8
619	0	-999	22	31.3	3.3	3.2
620	0	-999	20.9	31.6	2.1	3.5
621	0.11	-999	20.7	31.7	1.5	4.1
622	0.15	-999	20.6	31.5	1.6	4.3
623	0	-999	19.5	31.6	1.8	3.1
624	0	-999	19.2	31.6	1.2	2.5
625	0	-999	19.1	31.5	1	2.3
626	0	-999	19.5	31.4	0.9	2.5
627	0	-999	20	31.4	0.9	2.7
628	0	-999	20.5	31.5	1	2.6
629	0.18	-999	20.8	31.6	1.1	2.4
630	0	-999	21	31.6	1.4	2.6
631	0	-999	20.6	31.6	1.9	3.3
632	0	-999	20.6	31.6	2.6	3.7
633	0	-999	21	31.7	3.2	4.5
634	0	-999	21.2	31.8	3.1	4
635	0	-999	21.1	31.8	3	3.3
636	0	-999	20	32	3.2	2.8
637	0	-999	19.7	32.1	2.4	2.6
638	0	-999	19.8	32.1	2.2	2.1
639	0	-999	19.8	32	1.8	1.8
640	0	-999	20.4	31.9	1.6	1.8
641	0	-999	21	31.8	1.6	1.9
642	0	-999	21.4	31.7	1.7	2
643	0.02	-999	21.4	31.7	1.9	2.2
644	0	-999	21.2	31.7	2.1	2.8
645	0	-999	21.2	31.7	2.1	2.7
646	0.28	-999	20.8	31.8	2.1	3.1
647	0.13	-999	20	31.8	1.8	2.6
648	1.73	-999	19.8	31.6	1.8	2.1
649	0.03	-999	18.9	30.9	3.7	2.5
650	0	-999	17.5	30.6	2.6	2
651	0	-999	16.9	30.7	2	1.8
652	0	-999	16.9	30.8	1.3	2.2
653	0	-999	17.4	31.1	1	2.8
654	0	-999	17.8	31.2	0.9	3.3
655	0	-999	18.2	31.2	0.9	3
656	2.17	-999	18.7	30.8	1	2.8
657	0	-999	18.8	30	2.1	3.6
658	0	-999	18	30.1	3.6	2.9
659	0	-999	17.8	30.4	3.2	3.1
660	0	-999	18.1	30.7	3.5	4.2
661	0.45	-999	17.8	30.8	4.5	5.9
662	0.11	-999	16.8	31.2	-999	5.9
663	0.35	-999	16	31.6	8.5	5.2
664	0.23	-999	16.2	31.5	7.3	4.2
665	0	-999	15.6	31.3	6.6	3
666	0	-999	14.6	31.4	4.4	2.8
667	0	-999	14.3	31.5	3	2.4
668	0	-999	14.5	31.5	2.4	2.4
669	0	-999	14.7	31.5	3.2	2.5
670	0	-999	14	31.6	2.3	2.6
671	0.02	-999	12.8	31.6	3.1	3.2
672	0	-999	11.7	31.4	3.9	2.3
673	0	-999	11.8	31.6	3.7	2.2
674	0.44	-999	12.1	31.4	5	2.7
675	0	-999	11.3	31.4	5.4	2.1
676	0	-999	10.7	31.4	3.3	1.8
677	0.12	-999	10.9	31.6	1.8	1.8
678	0.18	-999	10.7	31.5	1.6	1.9
679	0	-999	10	31.4	1.9	1.8
680	0.08	-999	9.6	31.4	1.6	1.7
681	0.1	-999	10.2	31.3	1.4	1.7
682	0	-999	10.6	31.4	0.9	1.7
683	0.19	-999	11.1	31.3	1.8	2.3
684	0	-999	10	31	3.9	1.9
685	0	-999	9.2	31.3	2.8	1.4
686	0	-999	9.2	31.4	1.5	1.4
687	0.17	-999	8.6	31.5	1.4	1.6
688	0.16	-999	8.1	31.3	1.8	2
689	0	-999	8.7	31.2	2.2	2.3
690	0.03	-999	9.9	31.3	2.5	2.5
691	0	-999	9.1	31.3	3.2	1.9
692	0	-999	7.6	31.3	3	1.7
693	0	-999	7.4	31.3	2.8	1.6
694	1.04	-999	7.9	31.2	1.8	1.5
695	0.15	-999	9	31	2.7	1.8
696	0	-999	8.4	30.9	3.8	1.5
697	0	-999	8.6	31.2	2.7	1.6
698	0	-999	7.9	31.1	2.1	1.3
699	0	-999	6.9	32.1	2.3	1
700	0.34	-999	6.3	33.1	1.4	1.2
701	0.39	-999	6.9	32.5	3.7	1.4
702	0	-999	5.9	32.2	6	1.6
703	0	-999	5.2	32.3	3.2	1.3
704	0	-999	4.8	32.1	1.5	1.1
705	0	-999	4.9	32	1.4	1.2
706	0	-999	5.4	32	1.3	1.2
707	0.5	-999	6.1	32	1	1.2
708	0.08	-999	6.7	31.9	0.7	1.4
709	0.01	-999	6.9	31.7	0.7	1.4
710	0	-999	7.4	31.7	1.1	1.4
711	0.87	-999	6.7	31.8	1.1	1.7
712	0	-999	6.3	31.7	1	1.5
713	0	-999	5.6	31.7	0.8	1.5
714	1.34	-999	5.2	31.8	3.6	2.8
715	0	-999	3.5	31.2	14	3.3
716	0	1.2	3.5	31.7	8.5	2.6
717	0.07	4.2	4.1	31.7	3.9	2.3
718	0	4	4.9	31.7	2.6	2.1
719	0	3	5.3	32	2.4	2.4
720	0	3.6	4.7	32	4.4	3.2
721	0.72	9.2	5.4	32.1	6.5	4.6
722	0	6.1	5.8	32	6.6	3.9
723	0	3.9	5.5	32	4.8	3.2
724	0.1	2.2	5.4	32.2	3.8	2.6
725	0.02	3.9	5.2	32.3	3.6	3.2
726	0	6.3	5.3	32.2	2.9	2.8
727	0.46	8.3	5.9	32.1	2.2	2.2
728	0.26	4	5.8	32	2.3	2
729	0.21	4.4	5.6	31.8	3.2	2.5
730	0.12	5.9	5.5	31.7	2.5	2.1
731	0	-0.8	4.7	31.6	3.9	2.2
732	0	-7.4	2.5	32	3.5	1.9
733	0	-1.2	2.2	32.2	2.9	1.7
734	0.04	2.9	2.8	32.2	2	1.6
735	0	4.8	3.7	31.9	1.9	1.4
736	0	7.4	4.7	32	1.2	1.5
737	0	8.2	5.5	32	1.1	1.5
738	0	10.4	6.5	31.8	2.1	1.7
739	0.02	7	6.7	31.7	2.5	1.9
740	1.25	8.8	7	31.8	2.7	1.7
741	0	7	7.2	31.3	2	1.7
742	0.43	4.4	6.8	31.3	2	1.5
743	0.09	2.8	6.3	30.9	3.1	2.1
744	0	2.6	6	30.9	2.7	2
745	0	1	5	31	2.3	1.9
746	0.26	1.7	4.7	31.3	1.6	1.7
747	0.53	6.1	5.3	31.1	1.9	2.1
748	0	2.2	5	31.1	3.1	2.4
749	0	-3	4.4	31.4	6.1	2.3
750	0	-5.2	3.2	32.2	6.8	2
751	0	1.3	2.8	32.5	3.3	1.7
752	0	2.4	3.4	32.4	2.5	1.3
753	0	-1	3.4	32.4	2.3	1.4
754	0	-2.2	2.9	32.6	2.7	1.4
755	0	-1.2	2.8	32.8	1.7	1.2
756	0	0.9	3.2	33	0.8	1.1
757	0	1.3	3.2	33	0.9	1.1
758	0	2.7	3.2	33	0.8	1.3
759	0.02	5.3	3.7	32.8	1.8	1.5
760	0	0.6	3.5	32.4	2.6	1.4
761	1.96	3.9	3.6	32.3	2.2	1.2
762	0	4.6	3.9	31.6	2.5	1.6
763	0	3.3	4.2	-999	4	1.6
764	0.05	3.2	4.6	31.3	3.7	1.7
765	0	7.3	4.9	-999	3.3	1.8
766	0	9.6	5.4	31.7	4.3	1.8
767	0.08	6	5.9	-999	-999	1.6
768	0	4.1	5.6	31.8	3.2	1.6
769	0.09	4.3	5.2	32	2.3	1.6
770	0.03	2.5	5.1	31.9	3.2	1.6
771	0	-7.2	2.8	32.1	8.5	2.3
772	0.69	-4.4	1.8	32.4	3.2	1.8
773	1.67	7.2	3.2	31.9	2.6	1.6
774	0.01	2	3.7	31.2	3.7	1.8
775	0	4.2	3.9	31.5	5	2.1
776	0	-1.3	3.6	31.7	4.9	2.1
777	0.08	4.1	3.9	32.2	3.8	2.1
778	0.18	8.5	5	31.5	3.5	2.1
779	0	3.6	5.1	31.8	11	3.3
780	0	-1.3	4.3	31.8	12	3.5
781	0	-2.1	4.1	32.5	6.7	3.1
782	0.73	-0.2	3.8	32.7	2.8	2.4
783	0	0.2	3.5	32.5	2.9	2.7
784	0	-0.1	3.5	32.4	2.8	2.6
785	0	3.7	4	32.4	2.1	2.6
786	0.11	5.3	4.5	32.7	1.3	2.3
787	0	2.9	4.9	32.5	1.2	3.4
788	0	-4.6	3.6	32.6	2.7	3.9
789	0.15	-3	3.1	33.2	3	3.8
790	0.16	4.5	3.9	32.8	2.5	6.5
791	0	2	3.6	32.1	3.3	9.1
792	0	5.7	4.4	32.4	4.4	8.4
793	0	8.2	5.6	31	3.9	7.5
794	0.34	8.6	6.5	31.2	6	9.7
795	0	4.2	6.3	32.3	5.2	8.6
796	2.34	5	6.4	32	4.3	8.6
797	0.54	8.8	6.5	31.1	5.7	7.1
798	0	2.2	5.9	30.9	14	10
799	0	2.2	5.5	31.6	8.3	8
800	0	4.2	5.9	31.9	3.4	5.6
801	0	5.9	6.2	32.1	3.3	5.9
802	0	3.6	6	32.5	2.6	5.6
803	0.01	7	6.4	30.7	1.4	5.8
804	0.11	7.1	6.9	29.9	1.4	7.7
805	0	5.3	6.9	29.8	1.5	9.7
806	0	3.6	6.1	29.8	2.3	11
807	0.01	3.8	5.9	30.4	2.2	11
808	0.77	7.2	6	31	2.6	11
809	0.4	7.3	6.4	-999	5.1	-999
810	0	4.3	5.8	31.4	6.3	11
811	0	5.1	5.7	31.7	5.3	10
812	0	3.3	6	32	2.1	9.1
813	0	3.7	6.3	32.1	1.5	7.6
814	0	3.5	6.4	32.2	1.2	6.9
815	0	10	6.8	32.2	1.9	7.8
816	0.04	6.9	7	32.1	1.3	7.8
817	0	7.1	7.1	32	0.8	6.2
818	0	4.1	7.3	31.5	0.9	5.7
819	0	2.1	6.8	31.7	0.6	5.3
820	0.08	7	6.8	31.8	0.6	6.2
821	0.25	10.1	7.2	30.6	1.3	5.6
822	0	7.3	7.6	29.6	3.6	7.2
823	0.03	5	7	31.5	6.8	10
824	0.79	8.7	7.2	31.6	3.8	6.9
825	0.02	11.3	8	31.4	2.4	5.4
826	0	7.7	8.2	31.5	3.1	5.5
827	0	6.5	7.8	31.5	4	5.5
828	0	7.2	8.2	31.5	3	3.9
829	0	6.7	8.6	31.4	2.4	3.3
830	0	11.5	9.4	31.2	1.7	2.8
831	0.02	9.7	9.6	31.2	1.5	3
832	0.85	11.7	9.7	30.9	1.1	3.2
833	0	10.5	10	30.8	1.3	3.3
834	0	7.4	9.2	30.9	1.5	3.7
835	0	8.5	9.3	31	1.3	5.2
836	0	9.8	9.6	31.1	1.1	3.6
837	0	10.6	10	31.1	1.3	3.9
838	0	13.1	10.8	30.9	1.7	4
839	0	13.1	11.6	30.2	1.3	5.6
840	0	11.9	12.4	29.9	1.8	6.6
841	0	12.3	12.5	30.7	3.6	6.1
842	0	12.7	13	30.8	5.1	5.4
843	0	13.4	13.5	30.7	4.1	4.3
844	0	18.3	14	30.7	3.1	3.7
845	0	14	14.1	30.8	2.9	3.3
846	0.01	11.7	14.1	30.9	2.4	3.7
847	0.05	9.7	13.4	30.9	3	6.1
848	1.24	11.1	12.5	30.8	3.4	9.8
849	0.19	11.5	12.6	30.1	4.1	9.1
850	0	9.8	11.9	30.1	4.8	6.8
851	0.11	10.3	11.6	30.5	5	6.1
852	0.1	12.2	12.1	30.6	4.1	6.5
853	0	10.4	12.2	30.4	6.4	10
854	0.01	13.6	12.3	30.3	8.1	12
855	0	12.9	12.9	30.3	6.8	10
856	0	14.7	13.3	30.3	5.7	9.4
857	0	15.8	13.7	30.5	5.3	10
858	0.04	17.2	14	30.7	5.2	15
859	1.04	11.4	13.1	30.6	4.6	14
860	0	12.9	12.7	30.2	5.8	13
861	0	11.7	12.8	30.4	4.5	14
862	0.3	9.9	11.6	30.5	8.8	24
863	0	13.3	11.5	30.3	7	18
864	0	13.3	12.6	30	6.6	13
865	0	14.3	13.2	30.3	4.7	11
866	0.75	12.3	13.4	30.2	4.3	7.9
867	0.03	14.9	13.4	29.8	6.4	13
868	0.11	14.3	13.7	30	5.4	8.3
869	0	12.8	13.3	30.2	9.1	6.1
870	0.48	10.8	12.4	30.3	9.8	6.2
871	0	12.7	12.4	30.4	6.4	5.9
872	0.07	12.6	12.5	30.5	4.3	6.2
873	0.01	15.6	12.4	30.7	4.1	4.2
874	0	17.1	12.8	31	3.2	3.6
875	0	16.6	13.7	31.1	2.9	4.4
876	0.01	15.8	14.1	31	3.2	5.2
877	0.95	16.8	14.8	30.8	4.1	7.5
878	0	14	14.3	30.8	4.4	7.6
879	0	15.4	14.2	30.9	-999	-999
880	0	17.4	13.9	31.3	2.7	6.5
881	0.63	15.9	14.8	31.2	3.2	4.4
882	0	20.7	14.4	31.2	2.9	3.4
883	0	18.2	13.8	31.7	3	2.9
884	0	18.3	14	32	2.3	2.4
885	0.7	16.5	14.2	31.8	1.8	2.4
886	0.03	17.7	14.9	31.6	1.5	2.5
887	0	16.1	15.8	31.6	1.5	3.1
888	0	19.8	16.6	31.6	-999	-999
889	0.19	24.7	17.4	31.6	1.5	-999
890	0	24.4	17.9	31.6	1.2	-999
891	0	24.3	18.6	31.6	0.7	-999
892	0	25.1	19.4	31.5	0.6	-999
893	0	24	19.8	31.5	0.5	-999
894	0	21.5	20.7	31.4	0.6	-999
895	6.83	21.7	20.9	31.1	-999	-999
896	0.02	21.2	20.5	30.8	0.5	-999
897	1.18	20.1	20.6	30.8	-999	-999
898	0	20.9	20.9	30.8	-999	-999
899	0.54	18.7	20	30.8	-999	-999
900	0	18.8	20	30.8	0.4	-999
901	0	20.5	19.8	30.9	0.5	-999
902	0.01	21.2	20	30.9	-999	-999
903	0	21.9	20.5	30.8	-999	-999
904	0.21	21.5	20.1	30.9	-999	-999
905	0.36	23.2	19.9	-999	-999	-999
906	0	21.7	19.3	31.2	1.4	7.2
907	0.01	22.2	18.5	31.4	1.5	6.4
908	0	23.9	18.6	31.5	1.3	8
909	0	23	19.7	31.4	-999	8.5
910	0.03	23.6	19.3	31.2	2.4	8.5
911	0.83	22.8	18.9	31.1	3.8	8.8
912	0.01	22.9	19.1	31	4	12
913	0	23	20	30.9	4.5	14
914	0.01	22.8	19.8	30.9	4.7	15
915	0.03	22.8	19.2	30.8	4.4	11
916	0.06	21.9	20.3	30.9	3.7	9.3
917	0	22.1	20.7	30.7	3.4	8.1
918	0	23.1	21.5	30.9	3	8.3
919	0.01	23.4	22.3	-999	4.1	8.9
920	0.04	22.8	22.1	-999	4.2	9.8
921	0.01	24.7	-999	-999	-999	-999
922	0	22.9	-999	-999	-999	-999
923	0	23.3	-999	-999	-999	-999
924	0	24.2	-999	-999	-999	-999
925	0	23.3	-999	-999	-999	-999
926	0.01	24.7	-999	-999	-999	-999
927	0	24.7	-999	-999	-999	-999
928	0.01	25.6	-999	-999	-999	-999
929	0.01	25.8	23.4	-999	3.1	9
930	0	25.6	22.6	-999	3.5	8.6
931	0	24.3	22.4	-999	3.9	8.9
932	0.19	24.1	21.6	32.7	3.8	8.3
933	0.09	23.7	21.5	32.2	3.3	8.4
934	1.83	23.5	23	31.9	3.3	8.3
935	1.32	22.3	23.1	31.1	3.4	8.8
936	0	23.2	23	31	3.8	9.1
937	0	23.6	22.8	31.2	3.5	8.5
938	2.93	21.9	22.6	31.2	3.5	8.2
939	0	22.4	22.4	30.9	3.3	7.9
940	0	25	22.6	31	3.4	10
941	0	24.8	22.6	-999	3.5	11
942	0	25.8	23.1	-999	3.8	10
943	0	25.7	22.9	30.5	4.3	9.8
944	0.74	23.8	22.6	30.6	4.1	8.5
945	0	23.7	22.8	30.6	4.3	8.1
946	0	24.7	22.6	30.6	3.5	8.3
947	0	24.4	23	30.7	2.8	8.6
948	0.07	25.5	23.5	30.7	2.7	9.1
949	0.11	23.4	23.6	30.7	2.4	10
950	0.04	22.1	24.1	30.6	2.6	13
951	0	22	23.2	30.5	2.8	14
952	0.12	22	22.9	30.5	2.8	13
953	0.02	20.7	22.7	30.4	2.9	12
954	0.55	21.5	22.2	30.4	2.8	11
955	0.01	22.5	21.9	30.5	2.8	11
956	1.58	22	22.5	30.4	2.7	13
957	0.86	22	22.9	29.9	3.6	15
958	0.01	22.4	23.2	29.6	3.6	16
959	0	23.2	22.8	29.7	3.9	14
960	0	23.7	22.3	29.9	3.4	13
961	0	23.5	21.7	30.1	3.9	12
962	0.02	19.4	21.1	30.4	2.8	11
963	0.01	21.2	21.1	30.7	2.3	9.3
964	0	21.9	21.5	30.7	2.1	9.8
965	0	21.9	22.1	30.6	2.2	11
966	0	22.9	22.9	30.4	2.8	12
967	0	23.2	22.9	30.3	2.6	11
968	0.01	20.2	21.9	30.5	2.5	10
969	0.01	20.2	21.9	30.4	2.1	9.2
970	0	21.6	22.1	30.5	2.1	8.8
971	0.01	21.5	22.2	30.5	2.3	8.4
972	1.45	23.1	22.6	30.2	2.7	6.3
973	0	23.4	22.7	30.3	3.9	5.6
974	0	23.2	22.7	30.5	4.8	5.8
975	0	23.1	22.9	30.6	5.3	6.6
976	0.01	22.6	23.3	30.6	4.8	11
977	0	23.5	23.5	30.6	-999	23
978	0.29	24.4	23.8	30.7	-999	33
979	2.15	24.1	24.1	30.2	-999	-999
980	0	23.5	24.2	29.2	-999	-999
981	0.01	22.6	23.5	29.3	-999	-999
982	0.58	21.5	22.8	29.4	-999	-999
983	0.02	19.5	21.8	29.5	-999	-999
984	0.01	19.1	21.2	29.7	4	9.4
985	0.83	19.7	20.8	29.4	4.1	11
986	0	21.4	20.7	29.4	4	10
987	0	23.1	21.3	29.8	4.2	8.5
988	0	24.7	21.7	29.8	6.4	-999
989	0.01	18.8	20.1	30.6	6.5	-999
990	0	18.8	20.4	30.6	4	-999
991	0	19.3	20.5	30.6	3.9	-999
992	0	15.9	19.9	30.8	3.7	-999
993	0	16.1	19.5	30.8	3.4	-999
994	0	18.4	19.9	30.9	3.6	-999
995	0.01	18.5	20.2	30.9	2.9	-999
996	0	16.7	19.7	31	2.3	-999
997	0	16.3	19.5	31	3.1	-999
998	0.15	16.5	18.6	-999	4.8	-999
999	1.57	18.4	18.2	30.7	12	6.4
1000	0.13	19.4	18.6	30.7	8.8	4.8
1001	0.29	19.6	19	30.8	6.3	4.8
1002	0.03	19.9	19.6	30.7	-999	4.5
1003	0	18	19.7	30.9	-999	4
1004	0.68	18.6	19.9	30.9	2.5	3.8
1005	0.01	15.3	19.4	-999	2.8	3.7
1006	0.01	15.3	17.9	30.8	4.3	4.3
1007	0	14.2	17.6	30.9	2.7	3.5
1008	0.49	15.1	17.7	31	1.7	3
1009	0.01	13.1	17.4	30.9	1.3	3.2
1010	0.01	12.5	16.8	30.6	1.1	4.4
1011	0	14.9	16.9	30.7	1.2	4.9
1012	0.26	18.5	17.4	30.6	4.6	4.5
1013	0.01	18	18	30.6	2.7	5.1
1014	0	16.5	18	30.8	6.8	6.8
1015	0	16.5	18	30.6	12	6.9
1016	0.02	18.5	18.1	30.4	14	7.7
1017	0.01	17.5	-999	-999	-999	-999
1018	0.03	17.9	18.4	30.8	3.1	4.7
1019	0.01	18.9	18.6	30.9	2.9	4.5
1020	0	13.1	17.9	31	2.9	4.6
1021	0	10.6	16.6	31	2.7	5.1
1022	0	9.1	15.3	31.2	3	5.4
1023	0.02	11.1	14.6	31.3	3	5.4
1024	0.02	12.2	14.4	31.2	3.7	4.5
1025	0.01	8.3	13	31.2	4	3.7
1026	0.01	7.7	12.4	31.2	3.9	3.8
1027	0	10.3	12.7	31.2	2.4	3.5
1028	0.75	16.6	13.8	31.2	2.7	4.1
1029	0	13.8	14.6	30.9	6.4	4.7
1030	0	14.3	14.6	31	5.2	4.2
1031	1.7	8.1	13.8	30.5	6.3	4
1032	0.01	6.5	12	30.6	14	4
1033	0.01	6.3	11	30.4	5.8	2.9
1034	0.01	10.9	11.3	30.4	3.8	3.1
1035	0	13.4	12	30.6	3.6	2.8
1036	0	7.2	12.3	31	2.7	2.4
1037	0	11.6	12.1	30.9	2	2.7
1038	0.01	12.5	12.4	30.6	1.8	2.9
1039	0.41	14.9	12.9	-999	1.9	3.2
1040	0.03	15.8	13.5	-999	3.8	4
1041	0.01	15.3	13.9	30.3	7	4
1042	0.15	14.1	13.9	-999	7.8	3.8
1043	0.01	11.4	13.5	-999	6.5	3.1
1044	0.01	9	12.7	30.2	7.5	3.1
1045	0	7.3	11.8	-999	6.9	2.6
1046	0	7.7	11.7	-999	4.8	2.2
1047	0.3	11.6	11.9	30.8	4.3	2.3
1048	0.01	14.2	12.4	-999	5.9	3.8
1049	0.65	15.3	12.9	-999	6.2	3.9
1050	0.23	9.2	12.6	30	10	3.5
1051	0	5.8	-999	-999	-999	-999
1052	0	2.6	9.8	30.6	6.9	2.2
1053	0	0	8.1	-999	6.7	2
1054	0	1.6	7.5	31.1	3.8	1.5
1055	0	0.8	7.1	31.2	3.2	1.3
1056	0	-1.8	5.8	31.5	5.8	1.6
1057	0	-0.1	5.2	31.9	6.4	1.5
1058	0.31	7.1	6	32.2	4.5	1.8
1059	0.64	7.2	7.7	31.9	6.6	2.3
1060	0.01	5.7	7.4	31.9	8	2.2
1061	0	4.5	7.9	32	8.2	1.8
1062	0	7.7	8.1	32.2	6.9	1.7
1063	0	5	7.9	32.3	5.5	1.6
1064	0.69	5	7.9	32.4	4.9	1.7
1065	0.04	10.1	8.1	32	5.5	2.5
1066	0.01	5.8	7.9	31.9	7.2	2.8
1067	0.02	4	7.4	32	7.6	2.8
1068	0.05	8	7.6	32.3	7	2.5
1069	0.02	2.9	7.8	32.3	5.1	2.3
1070	0.19	1	7.7	32.5	3.8	2.4
1071	0.03	0.9	7	32.4	7.2	2.6
1072	0.01	-3.6	5	32.9	8.7	2.6
1073	0	7.3	5.7	33.1	6	2.9
1074	0.14	10.9	7.9	32.9	5.8	2.5
1075	2.41	5.3	8.7	32.5	7.1	2.5
1076	1.18	6.9	8.3	31.6	12	3.8
1077	0	-0.3	7.1	31.4	10	3.4
1078	0	4.7	7.1	31.9	9	3.2
1079	0.03	10.7	7.9	32	8.4	2.9
1080	0.42	4.1	8.3	31.8	8.1	2.9
1081	0.35	4	7.6	31.7	5.7	2.6
1082	0.02	4.1	7.4	31.7	4.2	2.2
1083	0.64	1.4	6.8	31.7	3.4	2.2
1084	0.02	-3.1	5.3	31.7	4.6	3.5
1085	0.69	2.3	4.7	31.7	5.5	4.9
1086	0.01	-5.1	2.7	31	17	4
1087	0.02	-3.1	2.2	31.6	10	2.9
1088	0.21	5.7	-999	-999	5.7	2.7
1089	0.07	6.2	5.3	31.3	6.4	3
1090	0	2.8	5.6	31.6	5.9	3.4
1091	0	7.5	6.1	31.7	3.9	3.2
1092	0	10.2	6.9	31.6	3.6	3
1093	0.01	5.9	6.9	31.4	4.3	2.8
1094	0.01	4.8	6.3	31.5	5.8	2.7
1095	0.01	-1.4	5.4	31.7	5.4	3.1
1096	0	-5.4	3	31.9	9.1	3.7
1097	0.02	0.5	2.8	32.2	6.3	3.7
1098	0	1.5	3.3	32.2	4.8	2.9
1099	0.01	1.2	3.5	32.2	3.9	2.4
1100	0.02	5.1	4.5	32.2	2.2	2.3
1101	0.03	1	4.5	32.3	1.9	2.6
1102	2.94	3	4.1	31.7	2.9	3.9
1103	0.01	2.7	4.2	31.3	9	5.1
1104	0	-0.9	3.6	31.1	9.3	3.9
1105	0.02	-2.3	4.2	31.6	5.5	4
1106	0.11	-0.8	4	31.5	4.4	4
1107	0	-1.9	3.9	31.6	4.1	4
1108	0	2.7	3.9	31.7	3.3	4.1
1109	0.01	-3.9	3.3	31.8	3.8	3.9
1110	0.01	-6.6	2.3	32	2.5	4.4
1111	0.02	-8.9	1	32.2	2.4	5.3
1112	0	-9.1	-0.2	32.4	2.1	5.8
1113	0.27	-1.9	0.2	32.4	1.6	5.3
1114	0.02	-1.3	0.7	32.2	1.3	5
1115	0	-3.6	0.4	32	1.7	5.2
1116	0.01	-5.1	0.1	32	2.2	6.3
1117	0.02	-1.1	0	32	3.3	6.2
1118	0	2.7	0.7	-999	2.3	5.2
1119	0	0.5	1.6	32.1	2.2	5.2
1120	0	-5.6	1	32.2	3.8	5.7
1121	0.01	-3.9	1.4	32.3	1.9	5.3
1122	0.02	-2.1	2.1	32.4	1	5
1123	1.23	1.8	2.1	32.3	1.5	5.8
1124	0.01	-0.4	1.7	31.8	3	6.1
1125	0.02	0	1.8	32	2.8	6.4
1126	0.01	-3.3	1.6	32.2	2	5.4
1127	0	3.4	2.2	32.4	2.3	4.9
1128	0	4.6	3.4	32.5	1.9	5.4
1129	0.15	-0.1	3.2	32.4	1.3	6.4
1130	0	-4.3	2.1	32.3	1.5	6.9
1131	0	-7.4	1	32.5	2.5	7.9
1132	0.01	-4.2	0.7	32.7	3.2	9.2
1133	0	2.1	1.4	32.8	1.7	8.3
1134	0	7.8	3	32.7	2.4	7.5
1135	0.01	3.5	3.4	32.6	4.3	8.1
1136	0	4.8	3.8	32.7	2.9	7.3
1137	0.01	6.6	4.3	32.7	1.6	5.8
1138	0.08	8.8	5	32.4	6	5.4
1139	0	4.8	5.1	32.2	6.9	5.6
1140	0	1.9	4.4	32.5	2.4	5.3
1141	0	2.1	4.5	32.7	1.2	5.4
1142	0	0.6	4.3	32.9	0.7	5.3
1143	0	0.5	3.8	32.7	0.7	5.7
1144	0.38	3.6	3.8	32.6	0.7	6.8
1145	0.01	4.6	4.2	32.4	1.6	7.8
1146	0.01	-1.7	3.2	32.5	5.7	10
1147	0	0.8	2.6	32.7	4.1	8.8
1148	0.18	4	3.3	32.5	3.2	9.1
1149	0.02	-1.1	3	32.6	4.4	9.5
1150	0	-1.2	2.7	33	3.9	8.8
1151	0.01	-0.3	3.2	33.1	1.3	8.9
1152	0.01	4.9	3.7	32.9	1.2	10
1153	0.09	7.3	4.6	32.7	1.4	9.6
1154	0	3.6	5.3	32.6	1.7	12
1155	0.24	-0.2	4.6	32.7	1.4	11
1156	0.53	-4.6	2.7	32.5	2.5	14
1157	0	-6.3	1.4	32.6	2.7	15
1158	0.04	-3.2	1.3	32.6	2	15
1159	0	1.1	2	32.5	1.7	14
1160	0.01	4.8	3	32.5	1.8	13
1161	0.01	8.2	3.8	32.4	2.1	12
1162	0	9.9	4.6	32.3	1.6	9.4
1163	0.1	5.8	5.1	32.1	1.5	7.3
1164	0	3.8	5.1	32	2	5.8
1165	0.01	6.9	5.1	32	1.7	5.3
1166	0.03	2.9	5.1	31.8	2.3	5.6
1167	0	0	4.9	32	1.6	4.3
1168	0.01	3.1	5.1	32.1	1.1	4.1
1169	0	5.3	5.3	32.1	0.7	5.1
1170	0.02	4.9	5.4	32.1	0.8	4.3
1171	0.03	4.6	5.7	32.1	0.7	4.5
1172	0	6.2	6	32.3	1.1	5.7
1173	0.13	6.2	6.2	32.1	1.4	9
1174	0.06	3.8	6	31.5	1.6	11
1175	0	2.5	5.5	31.8	1.7	12
1176	0	5.6	5.7	31.9	2	14
1177	0.01	1.5	5.5	32	2.4	15
1178	0.01	2.6	4.8	32.2	2.8	14
1179	0.01	4.3	5.1	32.4	1.7	11
1180	0.62	5.4	5.2	32.4	1.7	10
1181	0.03	8.1	5.7	32.1	1.4	8.4
1182	0.13	8.5	6.5	32.1	1.2	7.3
1183	0.72	8.6	7.1	31.8	2.9	6.3
1184	0.01	8.6	7.4	31.6	4	6.3
1185	0	7.2	7.4	31.9	3.9	6.2
1186	0.05	6.4	7.3	32.1	2.1	5.4
1187	0.12	10	8.1	31.8	2	4.9
1188	0.42	9.9	8.4	31.8	3.8	7
1189	0	10.3	8.4	31.4	5.8	7
1190	0	10.8	8.5	31.4	9.4	5.8
1191	0.81	8.5	8.1	31.5	6	7.4
1192	0	6.4	7.7	-999	4.6	5.6
1193	0	5.7	7	-999	6.4	5
1194	0.01	8.1	6.8	-999	4	4.8
1195	0.02	8.9	7.2	32.1	2.4	5.2
1196	0.89	8	7.6	31.6	2	4.6
1197	0	5.4	7.5	31.2	2.6	7.6
1198	0.02	6.4	7.1	31.4	1.9	11
1199	0.11	7.3	7	-999	1.2	-999
1200	0.06	7.7	7.1	31.5	1.3	-999
1201	0.01	7.9	-999	-999	-999	-999
1202	0.01	9.4	8.7	31.5	1.6	7.5
1203	0	14	9.3	31.4	1.9	9
1204	0	10.8	9.2	31.6	1.8	11
1205	0.75	7.8	9.1	31.7	2.6	8.9
1206	0.17	9.8	9.3	30.9	4.9	6.5
1207	0.13	8.8	9.1	31	4.9	6.1
1208	0	10.3	9.4	30.7	4.8	5.7
1209	0	11	9.5	31	7.1	6
1210	0	12.4	10.1	31.3	5.8	6.1
1211	0	18.4	10.7	31.4	4.3	5.7
1212	0.03	15.8	11.9	31.3	3.2	5.7
1213	0.02	16.4	12.8	31.1	3	5.8
1214	0.11	12.7	12.4	31.3	3.4	6.1
1215	0.01	10.8	12.4	31.2	2.5	5.4
1216	0.31	12.2	12.5	31.1	1.8	5.1
1217	0.11	12.9	12	31.2	3	5.7
1218	0.47	11.5	11.4	31.2	2.2	5.2
1219	0.46	11.1	11.7	30.9	2.3	5
1220	0.55	11.1	11.8	30.6	4.4	4.8
1221	0.6	11.2	12	30.4	5.8	4.6
1222	0.22	13.1	12.4	30.4	4.6	4.3
1223	0.1	14.6	12.7	30.4	3.8	4.1
1224	0.11	15.5	13.2	30.5	3.6	4
1225	0	17	14.1	30.2	7.1	4.9
1226	0.01	12.3	13	30.6	6.1	4.3
1227	0.1	13.4	12.9	30.7	3.9	3.9
1228	0.07	13.1	13.6	30.6	2.7	3.6
1229	0.24	14.1	13.9	30.5	2.4	4.1
1230	0.1	16.6	14.6	30.2	3.1	4
1231	0.14	14.7	15.5	30	2.3	4
1232	0.29	13.8	15.1	29.8	2.6	4.5
1233	0.04	11.7	13.9	30	2.8	3.4
1234	0.07	12.7	13.8	30.1	2	-999
1235	0.07	15	-999	-999	-999	-999
1236	0	16.2	14.7	30.4	2.6	-999
1237	0	16.5	14.9	30.1	2.6	4.9
1238	0	16.2	14.8	30.4	3.8	4.2
1239	0	17.1	16.7	29.8	3.2	3.3
1240	0	19.4	16.5	29.9	3.3	3
1241	0	13.8	15.9	30	2.9	2.5
1242	0.02	13.9	15.3	30.2	3.4	2
1243	0.1	13.7	15.4	30.1	2.3	1.7
1244	1.15	14.5	15.3	30	2.6	1.4
1245	0.01	18.7	16.1	29.9	2.5	1.2
1246	0	17.8	16.5	29.9	2.9	4.3
1247	0.02	14.2	16.1	30	2.9	-999
1248	0.14	18.1	16.5	30	3.3	-999
1249	0.44	16.9	16.2	30.1	3.2	2.2
1250	0.67	14.5	16.2	29.8	2.1	1.3
1251	0.75	14.4	16.2	29.6	1.5	-999
1252	0.02	16.9	16.5	29.5	1.9	-999
1253	0.01	18.9	17.4	29.6	2.1	-999
1254	0	18.3	18	29.6	1.8	-999
1255	2.09	17.3	18.1	29.5	1.6	-999
1256	0	16.9	-999	-999	-999	-999
1257	0.02	15.9	17.9	29.6	1.9	1.4
1258	1.42	19.7	17.9	29.4	1.5	1.4
1259	0.09	19	18.3	29.5	1.5	1.4
1260	0.01	17.3	18.5	29.6	1.3	1.7
1261	0.15	16.2	18.6	29.6	1.1	1.7
1262	0	16.1	18.6	29.6	1.2	1.5
1263	0.01	16.2	18.7	29.5	1.1	1.9
1264	1.44	17.1	18.3	29.4	1.2	1.9
1265	0	20.2	18.4	29.1	2	2.1
1266	0.6	18.9	18.4	29.4	1.7	2.3
1267	0.73	19.7	18.5	29.2	1.5	2.4
1268	0	20.3	18.6	29.4	1.5	2.2
1269	0.25	20.6	18.6	29.5	1.3	2
1270	0.19	19.5	18.9	29.7	1.2	1.9
1271	0	19.4	19.4	29.7	1.2	2.1
1272	0.14	20.5	19.6	29.8	1.2	2.3
1273	0.05	22.1	19.9	30	1.6	2.2
1274	0	20.7	20.1	30.1	2.6	2.1
1275	0	22	-999	-999	-999	-999
1276	0	22	20.2	30.3	1.4	3.7
1277	0.72	21.8	20.6	30.3	1.3	4.2
1278	0	22.4	21.9	29.8	1.4	5.3
1279	0.2	22.7	21.8	29.8	1.5	4.9
1280	0	22.7	20.9	29.9	2.1	5
1281	0	20.6	19.4	30.3	2.2	4.5
1282	0.01	22.1	19.4	30.4	1.8	4
1283	0.27	21	19.8	30.4	1.6	4
1284	0.01	20.4	20	29.9	2.1	4.2
1285	0	18.4	19.9	30.3	1.9	3.6
1286	0	19.6	20.3	30.2	1.9	3.3
1287	0.47	20.7	20.9	-999	2.1	3.4
1288	0.11	22.8	21.3	-999	2.4	3.3
1289	0	21	-999	-999	-999	-999
1290	0	21.7	21.2	30.3	2.1	3.9
1291	0	21.6	21.4	30.1	2.1	4.1
1292	0	23	21.9	30	2.1	4.5
1293	0.01	23.3	21.7	30.1	2	5.3
1294	0	24.2	22	30	2	4.6
1295	0	22.2	20.7	30.5	2.4	4.4
1296	0	22.6	20.4	30.8	3.8	4.5
1297	1.12	20.7	21.1	30.5	2.6	3.7
1298	0.01	22.3	21.9	30.2	2.9	3.7
1299	0.89	21	22.2	30.1	3.5	4.5
1300	0	21.7	22.1	29.9	3.9	3.9
1301	0	22.7	22.8	30.1	3.4	3.1
1302	0.44	23.7	23.3	29.9	2.8	2.6
1303	0	24	23.7	29.7	2.5	2.5
1304	0	23.9	24.1	29.9	2.3	3.1
1305	0.29	23.9	23.9	29.7	2.3	3.5
1306	0	25.3	-999	-999	-999	-999
1307	0.44	23.7	24.1	29.6	3.1	6.1
1308	0	23.4	24.1	29.4	3.2	6.5
1309	0.4	23.4	23.9	29.4	3	5.8
1310	0	24.7	23.9	29.2	2.7	5.3
1311	0	24.8	24.3	29.2	2.7	6.7
1312	0.01	25	23.9	29.3	2.7	6.4
1313	0.03	21.5	22.6	29.4	2.5	6.9
1314	0	22.9	21.7	29.7	2.6	5.1
1315	0.01	21.5	21.6	29.9	2.5	5.9
1316	0	23.6	22.1	29.3	2.5	8.2
1317	0.17	26	22.5	29.3	2.4	6.7
1318	0.01	27	22.8	29.5	1.9	6.7
1319	0.02	23.2	22.5	29.8	1.7	5.8
1320	0.01	22	23	29.6	2.1	5.3
1321	0	23.1	23.7	29.5	2.3	5
1322	0	24.4	24.2	29.5	2.5	5.3
1323	0	25.3	24.4	29.5	2.8	5.5
1324	0	26	-999	-999	-999	-999
1325	0	25.7	24.5	29.9	2.5	7.8
1326	0.01	25.5	24.3	30	2.9	7.7
1327	0	26	23.8	30.2	2.5	6.1
1328	0.04	26	24.5	-999	2.4	6
1329	1.43	25.6	23.5	-999	2.8	5.1
1330	0	25.1	24.2	29.9	4.7	5.4
1331	0.02	24.8	24.3	29.9	3.9	5.5
1332	0.01	24.5	24.2	30	2.8	5.8
1333	0	25.6	24.2	30	2.8	7
1334	0.06	22.2	23	30.1	2.9	7.9
1335	0.77	20.6	22.4	30	2.4	5.3
1336	0.19	21.7	22.4	29.6	2	3.2
1337	0	22.4	23	29.5	2.2	3
1338	0	19.4	22.9	29.7	2.4	3
1339	0.01	19	-999	-999	-999	-999
1340	0	19.8	22.5	30.2	1.9	3.8
1341	0	19.5	22.5	30.4	1.9	4.2
1342	0	21.5	22.5	30.5	2.1	4.4
1343	0	23.2	23.3	30.7	2.3	4.3
1344	0	20.2	23.1	30.8	2.7	4.1
1345	0	19.1	22.3	30.9	3.3	4.5
1346	0	20	22.1	30.8	2.6	4.3
1347	0.01	20.6	22	30.9	2.3	3.9
1348	0.05	17.9	20.9	31	2.7	3.3
1349	1.35	17.7	19.4	30.7	3.6	3.2
1350	0.06	19.2	19.3	30.4	3.4	2.8
1351	0	21.5	20	30.4	2.8	2.5
1352	0.06	20.7	20.6	30.4	2.9	2.8
1353	0.06	21.8	20.8	30.5	3	3.1
1354	0.21	18.6	20.5	30.7	3.4	3.7
1355	0.14	16.2	19.4	30.5	3.9	3.7
1356	0.07	18.8	-999	-999	-999	-999
1357	0	16.5	19.5	30.6	4.5	3.5
1358	0	17.1	19.6	30.8	4.3	3.9
1359	0.07	18.8	20	30.9	3.4	3.9
1360	0.07	20.8	20.4	31	2.8	3.8
1361	0.03	21.4	20.8	31	2.3	3.4
1362	0.05	23.3	21.3	31	2.4	3.9
1363	0	17.6	20.5	31.2	2.3	3.9
1364	0.09	16.2	19.4	31.4	2	3.3
1365	1.27	18.5	19.3	30.8	1.9	2.9
1366	0.19	18.3	19.4	30.4	2.9	2.7
1367	0.01	17.3	19.1	30.4	5	2.7
1368	0	14.2	17.9	30.8	5.1	2.8
1369	0	12.4	17.2	31.6	4.9	2.7
1370	0	15.1	16.8	31.8	3.8	2.5
1371	0.07	19	17.3	31.6	3.8	2.8
1372	0	17.9	18.1	31.5	4.1	2.9
1373	0	16	17.9	31.4	3.8	3.1
1374	0	15.7	17.5	31.5	2.9	3.2
1375	0.09	18	17.5	31.7	8.5	4.1
1376	0.01	15.2	16.4	31.7	6.4	3.9
1377	0	18.2	16.7	31.9	3.6	3.7
1378	0	16.5	17.2	31.7	3.7	4.1
1379	0	13.5	16.5	31.8	3.1	3.7
1380	0	9.8	15.7	31.8	2.9	3.2
1381	0	14	15.3	31.8	3	3.2
1382	0	9.4	-999	-999	-999	-999
1383	0.71	7.5	13.9	32	2.6	2.9
1384	0	7	13	31.9	6.1	5.1
1385	0	9.3	12.4	32	5.6	3.6
1386	0.28	7.4	11.8	32.1	5.9	3.6
1387	0	8.8	11.3	32.1	4.6	2.4
1388	0	12.6	12.1	32.1	3	1.9
1389	0.01	14.3	13.1	32.2	2.3	1.8
1390	0	15.5	13.8	32.2	2.1	1.8
1391	0.19	12.8	13.9	32.2	2.4	2.1
1392	0.63	16.9	13.8	32.1	2.6	2.5
1393	0.14	14.2	14.4	31.6	2.7	2.2
1394	0	11.5	14.1	31.6	2.8	2.3
1395	0.33	12.6	13.9	31.7	2.4	2.4
1396	1	12.4	13.7	31.4	3.4	3
1397	0	11.2	13.5	31.3	5.6	3.2
1398	0	12.5	13.6	31.4	4.7	2.8
1399	0.05	16.5	14.2	31.4	3.7	2.6
1400	0.01	12.4	14.5	31.2	4.5	2.8
1401	0.01	11	13.7	31.4	3.5	2.8
1402	0	10.9	13.5	31.5	2.8	2.6
1403	0.01	8.9	13	31.5	2.7	2.4
1404	0.02	9	12.8	31.6	2.3	2.4
1405	0	6.9	11.7	31.6	3.3	2.6
1406	0	8.1	11.3	31.7	1.8	2.3
1407	0	12.4	11.6	31.7	1.8	2.4
1408	0	12.4	12	31.6	1.4	2.4
1409	0	14.4	-999	-999	-999	-999
1410	0	11.7	12.6	-999	2.3	2.4
1411	0.06	9.5	11.4	-999	3.8	2.9
1412	0.13	10.5	10.8	32.1	8	3.6
1413	0.3	13.1	11.3	31.6	8.7	3.6
1414	0.03	14.6	12.1	31.3	9.6	3.7
1415	0.01	12.2	12.3	31.2	6.6	3
1416	0	9.3	12	31.2	5.3	2.9
1417	0	9.4	11.6	31.2	4.3	2.7
1418	0.02	11.8	11.6	31.2	4.5	2.7
1419	0.63	13.3	12.3	31.1	5.1	2.8
1420	0	10.2	12.1	31.1	4.5	2.4
1421	0	9.1	11.8	31.4	3.3	2.2
1422	0.01	9	11.2	31.4	2.7	2.1
1423	0.01	10.5	11	31.2	3.1	2.1
1424	0.03	10.2	11.2	31.3	3.4	2.2
1425	0.01	11	11.4	31.3	2.7	2
1426	0.07	8.7	11.1	31.2	4.4	2.1
1427	0	9	9.9	31.1	11	2.7
1428	0.01	9.3	9.6	31.5	7.9	2.4
1429	0.28	9.9	10.1	31.6	4.2	2.2
1430	0	5.9	9.7	31.7	5.2	2.3
1431	0.25	10	9.7	31.9	3.8	2
1432	0.94	14.2	11.2	31.9	7.8	2.4
1433	0	9.2	11.1	31.8	7.3	2.3
1434	0.79	5.1	10.5	31.9	6	2.2
1435	0	2.8	9	31.6	5.8	2.1
1436	0	3.6	8.5	31.8	3.6	1.7
1437	0	4.6	7.9	31.8	3.2	1.6
1438	2.22	9.8	8.6	31.7	4.4	1.8
1439	0	4.2	8.1	31.2	12	2.6
1440	0	-2.3	5.7	31.4	21	3.1
1441	0	0.9	5.4	31.2	13	2.2
1442	0.77	7.2	6.5	31.4	7.9	1.7
1443	0.01	6.7	8.2	31.7	6.4	1.7
1444	0	8.4	-999	-999	-999	-999
1445	0	1.7	7.4	-999	4	1.8
1446	0	-1.8	6.1	32.2	3.9	1.8
1447	0	-3.8	5.5	32.7	2.3	1.6
1448	0.25	-2.3	4.9	32.9	1.4	1.7
1449	0.06	-2.1	3	32.7	3.9	2.2
1450	0	0.4	2.3	32.7	3.4	2
1451	0	0	2.4	32.7	3.5	1.9
1452	0	-3	2.4	32.9	2.5	1.7
1453	0	-0.2	2.6	33.1	1.3	1.6
1454	0.17	3	3.3	33	1.1	1.7
1455	0.6	5.4	3.9	32.7	3.2	2.6
1456	0.12	8.2	4.9	32.2	6.6	3.1
1457	0	3.5	4.9	32.1	8	3.3
1458	0	-4.5	3	32.1	18	4.3
1459	0.01	-2.5	1.8	32.4	15	4.3
1460	0.31	0.6	2.6	32.4	7.4	3.4
1461	0.05	2.5	4.1	32.4	4.2	2.8
1462	0	-2.6	3.8	32.5	6.8	2.9
1463	0	-5.8	2.1	33.1	19	3.6
1464	0.01	-3.6	1.5	33.5	8.2	2.6
1465	0.01	-2.9	1.2	33.6	3.9	2.1
1466	0.01	-1.1	1.7	33.5	2.5	2
1467	0	0.9	2	33.6	2.4	1.9
1468	0	-0.9	2.6	33.6	1.4	1.8
1469	0.02	-3.9	1.4	33.6	1.4	1.9
1470	0.01	-5.3	0.6	33.6	1	2
1471	0.01	-2.2	0.6	33.7	0.8	2.1
1472	0	-0.7	0.9	33.6	0.9	2.2
1473	0	-1.3	1	33.6	1.1	2.5
1474	0	1.1	1.6	33.6	0.7	2.7
1475	0.01	4.3	2	33.4	0.7	2.8
1476	0	5	2.8	33.2	0.6	2.8
1477	0.68	3.3	3.2	33.3	0.7	3.3
1478	0	5.3	3.6	32.9	3	4.5
1479	0	4.8	4	32.9	3.3	4.4
1480	0	3.1	4	32.5	2.3	3.6
1481	0	1.4	3.8	32.6	1.7	3.5
1482	0	2.4	3.7	32.7	1	3.2
1483	0.01	0.9	3.4	32.7	1	3.6
1484	0.01	4.3	3.3	32.6	1.4	4.1
1485	0.84	9	4.3	32.4	3.4	4.2
1486	0.04	5	-999	-999	-999	-999
1487	0.02	1.9	4.3	32.2	8.5	5.8
1488	0.03	1.3	3.9	32.5	9.9	6.1
1489	0.04	-6.1	2.5	33.1	17	6.3
1490	0.04	-7.7	1.4	33.5	11	5.5
1491	0.02	-4.5	1.2	33.9	5.2	4.6
1492	0	-0.7	1.3	33.9	4.6	3.6
1493	0.02	-0.8	1.6	33.9	3.9	3.6
1494	0	0.5	2	33.9	2.4	3.2
1495	0.01	0.7	1.9	33.8	2.2	3.3
1496	0.02	0.6	2.1	33.9	1.7	3
1497	0	-2.7	1.7	34.2	1.9	3.4
1498	0	-3.6	0.4	34.1	3.7	5.2
1499	0.02	-1.1	0.2	34	4	6
1500	0	0.8	0.7	34	5.8	6.5
1501	0.7	0.1	1	33.9	3.1	5.9
1502	0.01	0.2	0.4	33.4	5.3	7.1
1503	0	-0.3	0.9	33.4	5.8	6.8
1504	0.01	-1.7	1	33.4	3.7	6.8
1505	0	0.4	1.1	33.5	5	7
1506	0.03	0.7	2.2	33.5	3.2	5.9
1507	0.58	0.4	2.5	33.2	1.8	6.3
1508	0	0	2.3	33.2	2.2	7.2
1509	0	2.6	2.7	33.2	2.2	7.4
1510	0	4.2	3.2	33.2	2.5	7.4
1511	0	4.4	3.7	33.3	1.6	7.6
1512	0	4.1	4	33.2	1.2	8.8
1513	0.04	2.1	3.9	33.4	0.8	8.7
1514	1.52	3.4	4	33.5	0.8	7
1515	0.63	4.4	3.9	32.2	5.6	9.4
1516	1.3	2	3.4	32.1	17	11
1517	0.04	-1	2.2	32.7	27	12
1518	0	1	2.4	32.7	13	8.5
1519	0	2.6	2.8	32.8	9	7.6
1520	0	5.3	3.2	32.6	9.2	7.9
1521	0	4.4	3.5	32.8	4.9	6.1
1522	0.04	3.2	3.6	32.9	4.7	6
1523	0.01	4.3	3.8	32.7	5.8	6.3
1524	0	3.9	3.8	32.7	5.6	6.2
1525	0	5.3	3.9	32.7	4.2	5.7
1526	0	7.3	4.4	32.6	2.6	5.5
1527	0	9.3	4.9	32.4	2.1	6.4
1528	0	9.2	5.5	32.2	2.3	8.1
1529	0	6.4	5.5	32.4	1.7	9
1530	0	7.5	5.9	32.4	1.5	7.6
1531	0.57	6.7	6.2	32.2	3.5	5.7
1532	1.74	7.3	6.3	30.5	17	6.7
1533	0.66	7.6	6.6	28.3	16	6.7
1534	0.19	6.2	6.1	28.7	15	5.9
1535	0	8.6	5.9	28.8	24	6.4
1536	0	8	6.3	29.1	11	4.4
1537	0	9.2	6.4	29.6	8.3	3.8
1538	0	9.6	6.6	30	5.3	3.1
1539	0	11.1	7	30.1	3.5	2.8
1540	0	9.8	7.5	30.1	3	2.6
1541	0.6	9.7	8	30	2.4	3
1542	0.09	8.6	8.3	29.6	2.4	3.5
1543	0	10.4	8.5	29.1	8.8	4.7
1544	0.01	8.5	-999	-999	-999	-999
1545	0.08	5.8	6.8	30.1	13	5.4
1546	0	1.6	5.8	31.3	15	5.1
1547	0.15	6	6	31.1	7.6	4.5
1548	1.85	8.9	6.3	30.4	7.7	8.1
1549	1.6	8.5	6.7	29.4	25	11
1550	0.01	10	7	29.5	23	11
1551	0	9.7	7.7	29.6	13	9.2
1552	0.01	9.5	8.4	29.6	6.8	10
1553	0	7.2	8.8	29.5	4.7	28
1554	0	11.4	9.4	29.4	3.3	6.5
1555	0	12.5	9.8	29.3	2.9	14
1556	0	13.1	10.5	29.1	2.7	18
1557	0	15.2	11.3	28.9	2.8	26
1558	0.01	13.1	11.5	28.8	3.3	18
1559	0.48	12.1	11.6	27.8	9.2	18
1560	0	9.2	10.1	28.3	9	32
1561	0	11.8	9.1	29.3	10	-999
1562	0	13.5	9.2	29.6	7.1	-999
1563	0	10.2	9.1	29.8	8.4	3.2
1564	0.01	11.2	-999	-999	-999	-999
1565	0	12.8	8.9	30	7.2	4.8
1566	0.31	8.7	9.2	30.2	11	4.2
1567	0.01	9.4	9.5	29.7	5.5	5.7
1568	0	9.8	9.4	29.6	3.3	5.9
1569	0	11.6	9.7	29.6	4.1	5.6
1570	0	12	10.1	29.8	4.8	5.3
1571	0.05	11.7	10.7	29.8	-999	-999
1572	0.54	12.1	11.3	29.8	6.6	-999
1573	0	13.2	11.4	29.7	6.8	-999
1574	0	12.4	11	29.9	4.3	-999
1575	1.67	9.5	10.8	29.7	6.2	-999
1576	0.67	10.2	10.8	29.3	10	-999
1577	0.08	10	11	28.9	24	5.5
1578	0.02	9.8	10.4	28.9	19	6.5
1579	0	13.5	9.9	29.4	21	-999
1580	0	13.8	9.7	30	24	-999
1581	0.01	16.8	10.4	30	21	-999
1582	0	15.4	11.7	29.7	26	-999
1583	0.71	16.9	12	29.7	34	-999
1584	0.05	18.7	12	29.6	35	-999
1585	0	15.3	12.3	29.6	22	-999
1586	0	17.7	12.8	29.6	9.7	-999
1587	0	14.2	-999	-999	-999	-999
1588	0.01	16.1	12	29.7	6.1	4.8
1589	0	9.4	11.1	29.4	12	5.2
1590	0	10.4	9.1	30.4	12	6.8
1591	0	9.1	7.8	30.8	8	5.5
1592	0.42	8	7.9	31.1	6.1	4.9
1593	0.03	10.6	8.9	30.8	5.6	4.1
1594	0.03	14.1	9.8	30.8	3.8	4.2
1595	0	18.4	10.9	30.8	4.8	-999
1596	0	16	11.3	30.9	4.1	-999
1597	0.01	15.5	11.4	30.9	4	-999
1598	1.03	11.3	11	30.5	4.3	-999
1599	0	13.7	11.3	30	9.6	-999
1600	0	15	12.1	30.2	6.1	-999
1601	0	18	13.8	30.5	6.1	-999
1602	0	16.6	15.5	30.4	8.3	-999
1603	0	17.7	16.2	30.3	5.9	-999
1604	0.09	17.6	16.6	30.2	21	7.5
1605	0	17.2	17	30.1	15	-999
1606	0.02	20.5	16.6	30.3	10	6.3
1607	0.29	18.5	16.9	30.3	5.9	6.4
1608	0.01	15.8	17.3	30.2	4.5	7.1
1609	0.03	17.2	17.3	30.2	3.8	-999
1610	0	21.6	17.5	30.2	4.2	-999
1611	0.01	20.6	18	30.3	4	5.9
1612	0.02	20.2	19	30.3	3.8	-999
1613	0	21.5	18.7	30.3	8.4	6.7
1614	0.01	19.9	18.7	30.3	2.6	9
1615	0.04	22.8	19.3	30.2	2.6	11
1616	0	23.7	19.2	30.2	2.5	11
1617	0.02	22.2	18.7	30.2	5.9	-999
1618	0.01	19.2	17.5	30.3	3.2	-999
1619	0	18.7	-999	-999	-999	-999
1620	0.98	16.2	16.4	30.5	2	6.5
1621	0	17.3	16.7	30.3	1.9	5.2
1622	0	17.7	17.5	30.3	2.3	5
1623	0	18.7	17.9	30.3	2.5	5.5
1624	0.03	20.1	18.4	30.3	2.8	5.6
1625	0	19.5	19	30.5	2.3	5.1
1626	0.01	20.3	19.6	30.5	2.3	4.7
1627	0	19.8	19.8	30.4	2.1	5.2
1628	0.21	21.5	20	30.3	2.3	5.5
1629	0	21.1	19.4	30.3	1.9	5.2
1630	0	20.8	20.1	30.5	2.4	5.8
1631	0	22.4	20.6	30.5	1.9	6.3
1632	0	25.3	20.9	30.5	1.7	7.5
1633	0.09	23.2	20.9	30.6	1.4	8
1634	0.06	25.9	21.7	30.5	1.6	8
1635	0.02	27	21.1	30.5	1.5	8.4
1636	0.01	24.1	20.5	30.5	2	8.3
1637	0	23.8	20.6	-999	2.2	9
1638	0.01	24.4	20.3	30.7	1.9	9.6
1639	0.19	25.3	20.5	30.7	1.5	10
1640	0	26.2	20.3	30.6	1.9	11
1641	0	20.4	19.6	30.6	2.1	11
1642	0.02	20.9	19.2	30.7	1.6	10
1643	0	20.6	18.9	30.8	1.6	9.7
1644	0	22.1	19	30.8	1.5	8.7
1645	0	24.4	19.5	30.8	1.8	12
1646	0	25.7	19.8	30.8	2.4	11
1647	0	27.7	21	30.9	2.1	12
1648	0	28.1	22	30.9	2.1	12
1649	0.02	25.7	23	31	2.3	11
1650	0	26.3	24.7	30.9	3.1	11
1651	0.02	24.8	25.3	30.7	2.8	9.5
1652	0	25.3	25.5	30.4	3	7.8
1653	0.01	25.5	-999	-999	-999	-999
1654	1.06	25.3	25.1	30.6	3.1	8.9
1655	0.22	24.9	25	30.5	2.7	7.7
1656	0	24.3	25	30.2	3.1	8.6
1657	0.12	25.3	25.1	30.2	3.5	9.7
1658	0	27.1	24.9	30.2	4.4	10
1659	0.01	28.2	24.2	30.2	3.6	10
1660	0.62	25.6	23.3	30.2	4.3	11
1661	0.01	26	22.8	30.1	2.6	11
1662	0.01	26.2	22.4	30.1	3.4	9.5
1663	0.01	26.9	22.4	30.1	3.1	8.5
1664	0.15	25.2	20.8	30.3	3.1	7.3
1665	0	28.1	20.9	30.3	2.9	6.2
1666	0.05	26.5	21.2	30.3	3.5	7.1
1667	0.01	25.2	20.9	30.2	3.1	7.2
1668	0.01	24.3	20.4	30.3	2.4	7.6
1669	0	23.9	20.5	30.3	2	7.6
1670	0.08	23.4	21.1	30.2	2.3	7
1671	0.03	22.3	20.5	30.4	2	7
1672	0	21.7	21.1	30.5	2	7.6
1673	0	23	22.2	30.5	2.3	9.6
1674	0.02	23.7	23.1	30.5	2.7	12
1675	0	24.1	23.3	30.5	3	12
1676	0	24.7	24	30.5	3.2	13
1677	0.01	27	24.1	30.5	3.4	16
1678	0	26.4	23.2	30.5	3.6	15
1679	0	23.3	21.7	30.7	4	11
1680	0.01	24.9	22.1	30.6	3.7	11
1681	0	25	22.7	30.6	4.7	12
1682	0.02	25.6	22.8	30.5	4.5	12
1683	0.02	25.9	24.1	30.4	3.8	13
1684	0	23.2	-999	-999	-999	-999
1685	0	22.6	23.7	30.9	3.7	7.7
1686	0	22.3	23.7	31	3.5	6.9
1687	0.01	23.5	23.7	31	3.2	6.5
1688	0.58	24.5	23.8	30.9	2.8	6.3
1689	0.05	25.6	24.4	30.8	3.1	7
1690	0.02	23.5	24.5	30.7	2.7	8.1
1691	0	24.1	24.4	30.7	2.8	9.5
1692	0	26.1	24.7	30.8	3.6	12
1693	0	23.3	24.3	30.7	3.5	12
1694	0.43	24.1	24.6	30.6	2.9	12
1695	0.16	21	23.8	30.3	3.6	9.8
1696	0.1	19.5	22.3	29.9	3.3	7.2
1697	0.67	20	21.8	29.4	3.7	5.9
1698	0	23.2	22.4	28.8	3.3	5.2
1699	0	21.4	22.5	28.8	4	6.2
1700	0	22	22.7	28.7	5	8.5
1701	0	24.7	23.1	28.3	4.8	9.8
1702	0	26.1	23.5	28.5	4.7	12
1703	0	27.8	24.1	29.1	3.5	12
1704	0	27.3	24.6	29.4	3	11
1705	0	25.6	24.6	30.1	2.4	7.6
1706	0.01	25.2	24.1	30.7	2.8	6
1707	0	23.9	23.5	30.6	3.6	5.6
1708	0	20.4	22	30.7	5.3	5.8
1709	0	20.7	21.4	30.9	5.5	6.1
1710	0.01	22.8	21.7	30.9	4.1	5.3
1711	0	24.2	22.2	30.7	4.1	5.2
1712	0.01	19.2	20.1	30.9	3.9	5.3
1713	0.01	18.7	-999	-999	-999	-999
1714	0	19.5	19.1	31.4	3.7	4.4
1715	0.6	18	19.3	31.4	2.8	3.8
1716	0.52	18	19.3	31	2.3	3.1
1717	0.02	19.6	20.1	31	2.5	3.1
1718	0	17.9	20.1	31	2.8	3.8
1719	0.8	18.7	19.7	31	2.8	4.8
1720	0.34	19.7	20.1	30.8	3.3	4.8
1721	0	18.8	20	30.9	5.2	5.4
1722	0	19.9	20.4	31	5.3	5.6
1723	0	18.9	20.5	31	5.2	5
1724	0	17.6	20	31	5.5	5
1725	1.58	21.2	20.2	30.9	5.4	4.4
1726	0	21.1	21	30.8	5.9	4.4
1727	0	21.3	21.2	30.8	5	4
1728	0	23.3	21.5	30.8	5	4.2
1729	0.21	19.5	21.1	30.9	4.5	4.3
1730	0.44	19.8	20.4	30.8	3.7	4.3
1731	0.03	21.9	20.6	30.7	3.4	4.8
1732	0	21	21	30.7	4.1	4.3
1733	1.66	22.6	21.2	30.5	3.7	4.2
1734	1.48	19.1	21.1	29.7	5.9	4.4
1735	0	15.4	20.2	29.3	10	5.4
1736	0.06	14	19.1	29.7	9.5	4.3
1737	0.22	13.7	17.9	30	11	4.9
1738	0.03	15.5	-999	-999	-999	-999
1739	0.04	15.3	17.8	30.5	9.9	4.1
1740	0	16.7	17.5	30.6	10	3.9
1741	0	17.5	17.6	30.6	7.9	3.7
1742	0	17.9	17.9	30.7	5.9	3.9
1743	0	14.9	17.8	30.8	4.5	4
1744	0.6	18.1	18.1	30.9	3.1	4.8
1745	0.04	17.2	18.4	30.8	2	5.7
1746	0	13.6	17.9	30.8	1.3	5.7
1747	0.9	14	17.7	30.8	1	5.8
1748	0.01	12.7	16.6	30.1	4.2	5.3
1749	0	13.1	15	30.1	4.8	4.8
1750	0	14.6	14.7	30.3	3.4	5
1751	0	13.3	14.8	30.3	2.5	4.7
1752	0.16	12.1	14.7	30.5	1.7	4.4
1753	0	12.8	14.8	30.5	1.6	4.5
1754	0	13.1	14.5	30.2	1.9	4.6
1755	0	10.1	13.7	30.2	2.8	4.7
1756	0	12.8	13.1	30.5	3.1	4.2
1757	0	15.2	14	30.9	2.3	4.2
1758	0	16.7	14.9	30.9	1.8	5.4
1759	0	17.5	15.8	30.9	2.1	7.7
1760	0.2	18	16.3	30.7	2.5	8.4
1761	0.01	18.3	16.3	30.7	4.1	7.3
1762	0	11.6	15.5	30.6	4.4	6.2
1763	0	10.6	13.6	30.8	4.9	5.5
1764	0	10.9	12.7	31.2	6.6	4.3
1765	0	5.8	11.7	31.3	4.6	3.8
1766	0	6.5	11.2	31.3	2.7	3.8
1767	0	8.7	11.4	31.3	2.1	4.3
1768	0.74	10.3	11.9	31.1	1.9	5
1769	0.13	9.7	12.6	31	5.6	6.3
1770	0	8	12.2	31	5	5.8
1771	0	6.9	11.4	31.1	5.1	5.2
1772	0.03	6.3	10.3	31.1	6.8	5.3
1773	0	8.3	9.6	31.2	5.3	4.6
1774	0	10	10.2	31.2	2.8	4.1
1775	0	8	10.3	31.4	2.7	4.2
1776	0	9.7	10	31.4	2.4	4.3
1777	0	10.8	10	31.3	2	4.3
1778	0	9.7	10.2	31.3	2.2	5.1
1779	0	11.2	10.6	31.3	2	6
1780	0.31	11.8	10.9	31.2	1.5	6.7
1781	0.41	13.7	11.5	30.8	3.6	7.6
1782	0	10.3	11.1	30.5	6.4	6.8
1783	0	7	10.7	30.5	4.8	5.1
1784	0	9.6	10.6	30.8	4.8	3.8
1785	0	6.9	10.5	31	3.3	3.4
1786	0	12.4	10.8	31.1	2.4	3.4
1787	0	12.8	11.4	31	1.8	3.4
1788	0	7.8	10.7	30.9	3	3.8
1789	0.04	5.6	9.9	31.1	1.7	3.6
1790	0.07	9.8	10.1	31.2	1.9	3.8
1791	0	4.3	9.1	31.3	3.6	3.5
1792	0	4.8	8	31.3	2.3	3.4
1793	0	5.9	8.3	31.3	1.7	3.1
1794	0.02	11.4	-999	-999	-999	-999
1795	0.71	11.3	10.2	31.3	5.7	4.1
1796	0	3.9	9.2	31	7.7	4.1
